89
NR_126123.1_Mucor_janssenii|F|ITS1                0.0000000 0.1413034 0.4066073 3.8402574 0.4170850 0.2749413 0.3647374 0.3404660 0.2383928 0.2765172 0.1316824 0.3832252 0.1304695 0.0808065 0.3996835 0.3212313 0.3201868 0.0622395 0.1720990 0.0094296 0.0699390 0.4573355 0.3486263 0.4356564 0.0571061 0.4177130 1.0213997 0.2550375 0.0339130 0.4442837 0.3168098 0.2969001 0.3342036 1.0731767 1.8498356 0.0446176 0.2993552 0.2766083 0.4043376 0.0338815 0.0438724 0.3356875 0.2935742 0.5876214 0.3090940 0.3115569 0.0290007 0.3648904 0.4037207 0.2695251 0.0729889 0.0289004 1.3609435 0.2478514 0.4184683 1.6357532 0.3034883 0.4400969 0.7775944 0.3486263 0.2975536 0.3115815 0.2429695 0.3210426 0.0446020 0.3115203 0.3792130 0.1942394 1.7632972 0.3356937 0.0289404 0.0550934 0.4924628 1.7395346 2.7461785 0.3416760 0.2478514 3.1846075 0.3686485 0.4912531 0.2695251 0.3469662 0.4270809 0.1712674 0.0455888 0.3813827 0.2985224 0.0837754 1.5869576 
UHM42|F|ITS1                                      0.1413034 0.0000000 0.4399307 3.7471910 0.3621572 0.2639212 0.3374070 0.4734826 0.2874815 0.2370018 0.0565255 0.3713850 0.1826558 0.1982929 0.4487205 0.2704303 0.3028808 0.1465273 0.1991794 0.1479816 0.1344084 0.4611163 0.3261560 0.5348247 0.1664380 0.4650231 0.8113583 0.3227564 0.1357590 0.4479023 0.3199595 0.3382195 0.3222873 1.0901945 2.0018209 0.1640897 0.3805392 0.3046247 0.3822267 0.1284470 0.1106761 0.3049338 0.3970290 0.4994976 0.2811542 0.2942473 0.1625260 0.3847929 0.3646367 0.2917371 0.1311841 0.1284313 1.2517167 0.2456096 0.4137368 1.4780270 0.2841079 0.5365357 0.6965195 0.3261560 0.4090983 0.3382195 0.2681970 0.3490121 0.1635369 0.3866669 0.4465645 0.2261392 2.0392063 0.3191491 0.1105957 0.1503209 0.3910054 1.9654419 2.4869606 0.3095391 0.2456096 4.9205969 0.3316248 0.5116450 0.2917371 0.3860450 0.4092184 0.2409449 0.1242615 0.4399307 0.3087240 0.1366982 1.8167671 
UHM51|F|ITS1                                      0.4066073 0.4399307 0.0000000 2.8013049 0.2031383 0.2675049 0.6464186 0.4930980 0.5213085 0.4600952 0.4671429 0.4418381 0.4385188 0.5085966 0.0090199 0.4931348 0.2462462 0.4529878 0.5053469 0.3958944 0.4722009 0.0090273 0.2135655 0.5827969 0.4520000 0.1275753 1.1091867 0.5575508 0.4440464 0.4037339 0.2833743 0.4488591 0.3272479 1.2526613 1.8922342 0.4060813 0.2541444 0.3436540 0.3535474 0.4588560 0.4461085 0.2410707 0.3262771 0.9178407 0.4035069 0.2468475 0.4028528 0.5822190 0.2773931 0.3605968 0.4539438 0.4590344 2.1577057 0.3783997 0.4657734 2.5612625 0.5347602 0.5183600 0.5453278 0.2135655 0.4535479 0.4397331 0.4557192 0.3975068 0.4574505 0.4166928 0.6728914 0.3691155 2.3242614 0.4843670 0.4373538 0.4585655 0.4183558 1.8830843 3.9271448 0.4620984 0.3783997 4.4513820 0.2628245 0.4597967 0.3605968 0.3390899 0.5000462 0.5404941 0.4425549 0.0000010 0.5069274 0.4666724 1.9424127 
NR_135337.1_Aspergillus_glaucus|F|ITS1            3.8402574 3.7471910 2.8013049 0.0000000 2.8954442 2.7838623 3.1585990 3.7922256 3.6620286 2.6003345 3.1100655 3.0183655 3.5616815 4.4147644 2.6571843 3.1760358 2.1176898 4.3213496 3.1305844 3.6636617 3.7163255 3.1567727 2.6140043 2.9527243 4.2465129 2.5319987 4.7004633 3.9061604 3.3497524 2.8651679 2.3865838 3.1029863 2.9389072 4.2364743 8.7290224 4.3953511 2.0487362 2.6009606 2.8456974 3.3497524 3.3163639 2.4269150 2.6724020 3.7924961 2.8708885 2.0368878 4.1775649 2.5305071 2.8868314 3.2345113 3.2163422 3.1621753 5.7545822 4.9389434 3.7487528 8.9999986 3.1145073 3.1353269 2.8008400 2.6140043 3.1150825 3.4971027 3.4478834 3.1913883 4.0501795 4.2866340 2.4795779 2.7223351 3.7784613 2.5390396 3.5515070 3.4020278 3.3908318 2.9928094 1.4344047 3.6969798 4.9389434 5.7160339 3.0111646 5.0910914 3.2345113 3.1313488 3.8276383 2.9836089 3.4598289 2.7403757 3.2848404 3.8720284 3.9806441 
NR_178158.1_Mucor_takensis|F|ITS1                 0.4170850 0.3621572 0.2031383 2.8954442 0.0000000 0.2511497 0.5278533 0.4591902 0.4736922 0.3305290 0.3774173 0.5695613 0.3867150 0.5266451 0.2096107 0.3056254 0.2949617 0.4348601 0.3864292 0.4060666 0.4499099 0.2174584 0.0925097 0.5729360 0.4676123 0.2169394 0.9527745 0.4172721 0.4114640 0.4286326 0.1738650 0.3444949 0.3782583 1.1420658 2.0635064 0.4266743 0.2421911 0.3559799 0.3417365 0.4255620 0.3719699 0.2969436 0.3480538 0.7089005 0.3820015 0.2864548 0.4131634 0.5529199 0.0802977 0.3430580 0.3967809 0.4257326 2.2882189 0.3539460 0.3464230 2.2496475 0.3375945 0.4121678 0.7468304 0.0925097 0.3766516 0.3444949 0.4235498 0.3838519 0.4570004 0.3803396 0.5491534 0.3168925 2.3758783 0.4001907 0.4113661 0.4542647 0.4916948 1.9610381 3.4296472 0.4622836 0.3539460 3.5664337 0.0928565 0.4598498 0.3430580 0.3749901 0.4809884 0.4892066 0.4245338 0.2031383 0.3477419 0.4604088 1.9846204 
NR_111661.1_Mucor_endophyticus|F|ITS1             0.2749413 0.2639212 0.2675049 2.7838623 0.2511497 0.0000000 0.5597637 0.4149979 0.5500496 0.3808163 0.2459398 0.4326181 0.3905158 0.3919888 0.2657714 0.4181150 0.1588108 0.3341089 0.4281529 0.2646827 0.3158413 0.3095119 0.2612308 0.5315759 0.3453790 0.2801588 1.0001661 0.3891426 0.2634616 0.4994093 0.3471311 0.4079799 0.4771420 0.9551354 2.2443359 0.3045461 0.1945584 0.2882791 0.4507400 0.2734831 0.3087043 0.1651316 0.3838863 0.8086742 0.5569856 0.1525242 0.2684189 0.3677862 0.2908258 0.3443300 0.3701967 0.2798831 1.8845077 0.3869635 0.4546471 2.2726889 0.3631243 0.5006571 0.5629229 0.2612308 0.3986201 0.4306484 0.3641166 0.3311534 0.3111880 0.4321651 0.5785242 0.3121649 1.7670889 0.3724493 0.2862050 0.3140872 0.4826610 1.7953981 2.5918716 0.4667207 0.3869635 3.6565279 0.3135802 0.4099443 0.3443300 0.4033066 0.4492507 0.4257451 0.3199432 0.2510897 0.6037387 0.3504781 1.7865619 
UHM52|F|ITS1                                      0.3647374 0.3374070 0.6464186 3.1585990 0.5278533 0.5597637 0.0000000 0.5145919 0.4226529 0.3955116 0.3602001 0.5464636 0.4036266 0.3646318 0.6806408 0.3798938 0.4914967 0.3395829 0.3614200 0.3807795 0.4538591 0.6976243 0.4190998 0.6437937 0.3207498 0.6747712 1.1881509 0.4336684 0.3850423 0.6257656 0.4090186 0.4812539 0.4840174 1.4440452 1.8909075 0.3482369 0.6101568 0.4454039 0.5127827 0.3874902 0.3217658 0.4819529 0.4236865 0.1555805 0.4574327 0.5038701 0.3255744 0.5022933 0.5017502 0.4410356 0.3006215 0.3876485 1.6891534 0.4989051 0.4873202 1.8150766 0.4612684 0.5885592 0.8370393 0.4190998 0.5186869 0.4673584 0.3896425 0.4795510 0.3395273 0.4497056 0.4411086 0.3839583 2.1966428 0.4883782 0.3664658 0.3336208 0.5869843 2.4226997 3.3452097 0.1262958 0.4989051 4.5043200 0.4976461 0.5789398 0.4410356 0.4403561 0.4870636 0.4050759 0.3771533 0.6608585 0.3471864 0.4310025 2.1614742 
NR_103641.1_Mucor_zychae|F|ITS1                   0.3404660 0.4734826 0.4930980 3.7922256 0.4591902 0.4149979 0.5145919 0.0000000 0.3944506 0.4288773 0.4136162 0.4805836 0.3660580 0.4979631 0.4828805 0.3849960 0.3932064 0.4155205 0.4369012 0.3476881 0.3395392 0.5458224 0.5087678 0.3845299 0.4424526 0.4401317 1.3085502 0.2463780 0.3502719 0.5972425 0.4874078 0.3410933 0.3774972 1.2724457 1.7082669 0.3994501 0.4735040 0.3638873 0.4531976 0.3495906 0.3599495 0.4135915 0.2805741 0.7351912 0.4548112 0.3834866 0.3484015 0.4890308 0.4817752 0.3821955 0.4188141 0.3494984 2.3582310 0.3720268 0.2843356 2.2031337 0.4619883 0.3100739 0.8746146 0.5087678 0.3083733 0.3585830 0.2507672 0.3411217 0.3992750 0.2886090 0.4452787 0.3515099 1.7982801 0.5111634 0.3518524 0.4079855 0.5926300 2.5317366 4.0576018 0.4853933 0.3720268 4.0546016 0.4093497 0.3098445 0.3821955 0.3458463 0.3654288 0.3939385 0.3771931 0.4634381 0.4312347 0.3760214 1.6823964 
NR_164218.1_Hyphomucor_assamensis|F|ITS1          0.2383928 0.2874815 0.5213085 3.6620286 0.4736922 0.5500496 0.4226529 0.3944506 0.0000000 0.3506132 0.3083272 0.5830656 0.2741952 0.3581851 0.5091573 0.3258757 0.3925470 0.3062525 0.2279697 0.2310692 0.2704698 0.5788553 0.4490527 0.4755259 0.3141867 0.4389151 1.0465833 0.2869329 0.2477949 0.4447967 0.4910298 0.2710604 0.4549483 1.5780063 1.9933129 0.2762577 0.4729763 0.3780908 0.3807146 0.2382407 0.2477443 0.4130021 0.2464555 0.6186992 0.4249762 0.3827878 0.2673907 0.4399063 0.4461985 0.4076865 0.2602572 0.2382087 1.5545361 0.3368933 0.3420466 1.9104486 0.3122999 0.3652431 0.8985008 0.4490527 0.2846741 0.2839096 0.2453603 0.2935066 0.2826664 0.2771559 0.5276292 0.3224084 2.2397918 0.3622668 0.2027593 0.2652374 0.5090754 2.3078825 2.8799791 0.3395936 0.3368933 3.6276811 0.4087033 0.3633057 0.4076865 0.2975728 0.3527454 0.2227443 0.2737740 0.4879325 0.4157842 0.3005197 2.0827234 
NR_152958.1_Mucor_minutus|F|ITS1                  0.2765172 0.2370018 0.4600952 2.6003345 0.3305290 0.3808163 0.3955116 0.4288773 0.3506132 0.0000000 0.2514716 0.4193001 0.3199376 0.3677403 0.4508577 0.1097342 0.3822751 0.3002802 0.2301447 0.2846893 0.3178338 0.5139494 0.3525968 0.4925639 0.3259690 0.4658557 1.0723002 0.3257675 0.2605247 0.4224341 0.3603093 0.2741497 0.3561105 1.0827846 1.7621433 0.3042810 0.3938004 0.2643862 0.3504201 0.2704247 0.2432956 0.4014553 0.3047053 0.5660925 0.3331009 0.3729356 0.2968661 0.3441182 0.3889542 0.2657459 0.2974124 0.2705395 1.3427079 0.2304087 0.3141532 1.7455878 0.1098930 0.4173379 0.9257072 0.3525968 0.3445747 0.2873119 0.3709881 0.3232166 0.2938660 0.3237904 0.3803298 0.2131076 2.1137140 0.3099397 0.2575845 0.2663889 0.6099077 2.4083736 2.5111216 0.3578278 0.2318671 4.0113646 0.3745892 0.4490246 0.2657459 0.2877183 0.3295119 0.3414788 0.2920358 0.4312469 0.1216706 0.3521100 2.1324798 
NR_175649.1_Mucor_harpali|F|ITS1                  0.1316824 0.0565255 0.4671429 3.1100655 0.3774173 0.2459398 0.3602001 0.4136162 0.3083272 0.2514716 0.0000000 0.3269425 0.1429133 0.1912045 0.4575717 0.3007334 0.2582177 0.1535375 0.2140331 0.1444263 0.1312320 0.5214381 0.2944233 0.4753934 0.1598245 0.4707305 0.9387427 0.3039042 0.1080997 0.4248146 0.2623408 0.3000958 0.3416818 0.8758728 1.5842050 0.1538167 0.3365091 0.2745653 0.3762820 0.1014435 0.1024331 0.2700248 0.3709430 0.5367014 0.2623739 0.2504261 0.1395780 0.3555378 0.3464928 0.3000635 0.1379155 0.1132925 1.2848491 0.2525944 0.3871984 1.5804469 0.2727059 0.4603378 0.7234626 0.2944233 0.3476396 0.3150594 0.2794478 0.3390904 0.1404052 0.3615167 0.3906162 0.2202192 1.7285840 0.3149771 0.1140102 0.1331141 0.4059530 1.8854858 2.4883025 0.2886893 0.2525944 4.5697486 0.3465165 0.4592058 0.3000635 0.3828560 0.3825776 0.2652058 0.1369793 0.4377456 0.2966157 0.1496527 1.5279411 
NR_103646.1_Mucor_gigasporus|F|ITS1               0.3832252 0.3713850 0.4418381 3.0183655 0.5695613 0.4326181 0.5464636 0.4805836 0.5830656 0.4193001 0.3269425 0.0000000 0.4407997 0.4693451 0.4335767 0.4596955 0.3117352 0.4174095 0.5327672 0.3918978 0.3635454 0.4934953 0.4613116 0.6976277 0.4165788 0.4439952 1.4815404 0.5376936 0.3575321 0.5923993 0.5321598 0.4973802 0.4143110 1.2493648 1.9408837 0.3777793 0.4068530 0.3047797 0.5054811 0.3697770 0.3704729 0.3264222 0.4782012 0.7868575 0.5325774 0.3097715 0.3600623 0.4768125 0.5493350 0.3854526 0.4585532 0.3667998 1.6997676 0.4128081 0.6493193 2.3209918 0.4723111 0.7255404 0.7585590 0.4613116 0.6147200 0.5270307 0.5021501 0.4560748 0.3760860 0.5337981 0.5615218 0.3464933 2.1990597 0.5765808 0.3778661 0.3701974 0.5612903 2.4411154 2.8918923 0.4455246 0.4128081 6.3232921 0.5849385 0.3984961 0.3854526 0.3829118 0.4672059 0.5173051 0.4172948 0.4147802 0.5185893 0.4027964 1.8110812 
NR_103629.1_Mucor_mousanensis|F|ITS1              0.1304695 0.1826558 0.4385188 3.5616815 0.3867150 0.3905158 0.4036266 0.3660580 0.2741952 0.3199376 0.1429133 0.4407997 0.0000000 0.1968234 0.4302672 0.3350444 0.3169924 0.1518015 0.2387427 0.1235512 0.1179078 0.4908676 0.2955143 0.4657819 0.1652546 0.4057770 1.1602778 0.2810527 0.1069023 0.4593859 0.3221056 0.3185267 0.3790635 1.1842916 1.7587950 0.1383593 0.3070818 0.3195171 0.4272411 0.1136234 0.1184126 0.3324308 0.3008488 0.5952098 0.3567210 0.3083308 0.1305315 0.4436799 0.3573961 0.3165217 0.1550239 0.1189636 1.5231504 0.2462949 0.4221668 1.8176032 0.3283796 0.4746017 0.8049894 0.2955143 0.3405781 0.3344285 0.2232411 0.2956401 0.1455844 0.3539307 0.3998127 0.2348903 1.8504470 0.4223025 0.1076009 0.1173965 0.4452653 1.9181375 2.8664774 0.3986253 0.2462949 3.8571471 0.3640106 0.4499933 0.3165217 0.3438035 0.3821264 0.2613225 0.1430910 0.4112506 0.3483032 0.1353035 1.5634694 
UHM39|F|ITS1                                      0.0808065 0.1982929 0.5085966 4.4147644 0.5266451 0.3919888 0.3646318 0.4979631 0.3581851 0.3677403 0.1912045 0.4693451 0.1968234 0.0000000 0.5387898 0.4028677 0.4200757 0.0405613 0.2949479 0.0917410 0.1361962 0.5530012 0.4234780 0.5546093 0.0198832 0.5785566 1.1382846 0.3610668 0.0630305 0.5555467 0.4169642 0.4166693 0.4083648 1.2525311 2.4339700 0.0621312 0.4310106 0.3706446 0.5873634 0.0632818 0.0913824 0.4103366 0.4580969 0.5704080 0.3712060 0.4097221 0.1031919 0.4669258 0.5404509 0.3824561 0.0912611 0.0633143 1.6722220 0.3112260 0.5340679 1.8190008 0.4014776 0.6236597 0.8732228 0.4234780 0.4645574 0.4029574 0.3501471 0.4139545 0.0301439 0.4583267 0.5102466 0.2794330 1.9517800 0.4154241 0.0751772 0.0866107 0.5744642 2.1540079 2.7245867 0.3766202 0.3133925 4.4609500 0.5034270 0.6288233 0.3824561 0.4144338 0.6002272 0.2364277 0.0576896 0.5209189 0.3805756 0.1233363 1.7265357 
UHM36|F|ITS1                                      0.3996835 0.4487205 0.0090199 2.6571843 0.2096107 0.2657714 0.6806408 0.4828805 0.5091573 0.4508577 0.4575717 0.4335767 0.4302672 0.5387898 0.0000000 0.4825026 0.2451656 0.4811156 0.4940109 0.3894245 0.4624172 0.4982464 0.2201897 0.5658815 0.4800093 0.1333798 1.1622889 0.5433832 0.4356167 0.3968897 0.2810948 0.4397710 0.3234695 1.1911262 1.7554344 0.3992201 0.2528565 0.3391454 0.3486621 0.4497557 0.4375680 0.2380412 0.3222069 0.9474328 0.3968108 0.2457478 0.3961264 0.5669477 0.2846680 0.3555717 0.4820926 0.4499262 1.8018069 0.3863836 0.4751791 2.4909823 0.5226220 0.5284801 0.5374818 0.2201897 0.4442510 0.4488591 0.4464562 0.4059996 0.4484424 0.4255596 0.6524470 0.3637647 2.1277231 0.4740419 0.4290605 0.4494799 0.4500922 1.8837287 3.3671489 0.4529618 0.3863836 4.2235127 0.2700103 0.4506046 0.3555717 0.3662586 0.4884020 0.5721269 0.4703629 0.2817905 0.4955659 0.4955764 1.8001098 
NR_103634.1_Mucor_aligarensis|F|ITS1              0.3212313 0.2704303 0.4931348 3.1760358 0.3056254 0.4181150 0.3798938 0.3849960 0.3258757 0.1097342 0.3007334 0.4596955 0.3350444 0.4028677 0.4825026 0.0000000 0.3965879 0.3493774 0.2696076 0.3368430 0.3667286 0.5481835 0.3455931 0.4507006 0.3578602 0.4949585 1.1214767 0.3153820 0.3037259 0.4470483 0.3262897 0.2337995 0.3001980 1.2158800 1.5151863 0.3375059 0.4010370 0.2874142 0.3411814 0.3054589 0.2743889 0.4167713 0.2530775 0.5524920 0.2483568 0.3870187 0.3224255 0.3376622 0.3665816 0.3009738 0.3127686 0.3082853 1.6035297 0.1881892 0.2811911 1.7774153 0.0736648 0.3959332 0.8857792 0.3455931 0.3126820 0.2446061 0.3932839 0.2980982 0.3223711 0.2832403 0.3287307 0.2087342 1.9526310 0.3210736 0.2957319 0.3211845 0.5876335 2.1409501 2.9206609 0.3448573 0.1893130 3.5232032 0.3260384 0.5062607 0.3009738 0.2672948 0.3306349 0.3647707 0.3332763 0.4622980 0.1164018 0.4065532 1.9613048 
UHM50|F|ITS1                                      0.3201868 0.3028808 0.2462462 2.1176898 0.2949617 0.1588108 0.4914967 0.3932064 0.3925470 0.3822751 0.2582177 0.3117352 0.3169924 0.4200757 0.2451656 0.3965879 0.0000000 0.3465613 0.3854470 0.3088475 0.3275540 0.2875269 0.2618404 0.5100046 0.3743990 0.2917322 1.4025217 0.4399837 0.2905232 0.4796419 0.2617088 0.3966790 0.3683857 0.8899513 1.7524418 0.3282272 0.2574203 0.2529760 0.4177649 0.3011260 0.3202400 0.0000010 0.3441477 0.7137317 0.4313233 0.0089429 0.3105670 0.4393998 0.2951206 0.2869727 0.3832006 0.3077143 1.8489332 0.4159004 0.4676547 2.4835387 0.3801928 0.5207622 0.7698440 0.2618404 0.4547188 0.4184375 0.3590586 0.3434088 0.3642919 0.4114456 0.4807323 0.2779865 1.8280065 0.4201509 0.3148442 0.3459581 0.4619003 1.8762833 2.2707091 0.4179720 0.4190101 4.6313002 0.2997757 0.4181524 0.2869727 0.3957012 0.4507926 0.4129425 0.3320431 0.2308160 0.4662999 0.3632431 1.6142355 
NR_178159.1_Mucor_phayaoensis|F|ITS1              0.0622395 0.1465273 0.4529878 4.3213496 0.4348601 0.3341089 0.3395829 0.4155205 0.3062525 0.3002802 0.1535375 0.4174095 0.1518015 0.0405613 0.4811156 0.3493774 0.3465613 0.0000000 0.2481310 0.0676283 0.0908004 0.4940184 0.3740131 0.4525949 0.0195784 0.4696379 0.9790296 0.3155782 0.0301088 0.5008076 0.3702199 0.3401873 0.3612115 1.0908482 2.0285001 0.0611725 0.3818877 0.3160607 0.5381878 0.0355377 0.0564355 0.3365711 0.4007284 0.5344698 0.3648333 0.3372732 0.0899301 0.4381869 0.4493805 0.3176278 0.0672968 0.0352244 1.5203105 0.2398162 0.4408318 1.6517152 0.3780292 0.5442768 0.8388634 0.3740131 0.4038121 0.3271157 0.2932252 0.3370845 0.0296813 0.3680266 0.4605482 0.2363200 1.7106899 0.3731252 0.0519097 0.0852389 0.5012703 1.9374733 2.4490258 0.3534330 0.2398162 3.9723841 0.4106650 0.5355453 0.3176278 0.3588457 0.5426917 0.1946177 0.0198160 0.4642957 0.3361350 0.0791949 1.5676753 
NR_103642.1_Mucor_laxorrhizus|F|ITS1              0.1720990 0.1991794 0.5053469 3.1305844 0.3864292 0.4281529 0.3614200 0.4369012 0.2279697 0.2301447 0.2140331 0.5327672 0.2387427 0.2949479 0.4940109 0.2696076 0.3854470 0.2481310 0.0000000 0.1911102 0.2258977 0.5617397 0.3662015 0.4622068 0.2573476 0.5436339 0.9869553 0.3092335 0.1921266 0.4571119 0.3673123 0.2905527 0.4142919 1.3348571 1.6679093 0.2256598 0.4292731 0.3572882 0.4214866 0.1918598 0.1858272 0.4051992 0.2622540 0.5711113 0.4130081 0.3954957 0.1781019 0.4187774 0.3941368 0.3467094 0.2018731 0.1918192 1.4466403 0.2955215 0.3623436 2.0904886 0.2771038 0.4024754 0.7788391 0.3662015 0.3170145 0.3048539 0.2613595 0.3902630 0.2315026 0.3307806 0.4491591 0.2553438 2.0966147 0.3454039 0.1796475 0.2235420 0.5842721 1.9870044 2.5826528 0.4146428 0.2955215 3.2901462 0.3659376 0.5316529 0.3467094 0.3045737 0.3620459 0.1366722 0.2215367 0.4732610 0.2738397 0.2508670 1.8543883 
NR_111682.1_Mucor_velutinosus|F|ITS1              0.0094296 0.1479816 0.3958944 3.6636617 0.4060666 0.2646827 0.3807795 0.3476881 0.2310692 0.2846893 0.1444263 0.3918978 0.1235512 0.0917410 0.3894245 0.3368430 0.3088475 0.0676283 0.1911102 0.0000000 0.0858749 0.4458910 0.3380064 0.4449119 0.0675983 0.4071420 0.9927592 0.2616338 0.0387258 0.4332607 0.3082682 0.3221925 0.3243437 1.0325745 1.9407422 0.0442470 0.3091103 0.2851504 0.4157135 0.0440590 0.0488832 0.3235608 0.3008986 0.5812421 0.3061676 0.3004214 0.0387185 0.3815242 0.4119830 0.2776282 0.0723650 0.0387561 1.4203935 0.2400106 0.4270543 1.7105028 0.3212401 0.4490588 0.7623467 0.3380064 0.3048015 0.3383981 0.2495459 0.3287194 0.0545936 0.3191410 0.3887987 0.2014361 1.7296283 0.3387603 0.0241604 0.0652149 0.4788739 1.7031568 2.7925928 0.3383873 0.2400106 3.2222768 0.3765181 0.5000858 0.2776282 0.3749590 0.4354978 0.1908645 0.0560579 0.3714171 0.3070696 0.1006506 1.5585872 
NR_126135.1_Mucor_racemosus|F|ITS1                0.0699390 0.1344084 0.4722009 3.7163255 0.4499099 0.3158413 0.4538591 0.3395392 0.2704698 0.3178338 0.1312320 0.3635454 0.1179078 0.1361962 0.4624172 0.3667286 0.3275540 0.0908004 0.2258977 0.0858749 0.0000000 0.5267221 0.4011754 0.4311226 0.1091970 0.3963142 0.9594825 0.2542263 0.0646306 0.5149396 0.3415176 0.2939694 0.3829354 1.0472478 1.6632767 0.1051191 0.3341346 0.3144419 0.4565976 0.0645654 0.0701486 0.3435097 0.3656389 0.6240772 0.3556037 0.3188269 0.0982149 0.4493186 0.3815962 0.3104491 0.1139449 0.0645539 1.3714657 0.2886337 0.4143311 1.5963645 0.3751775 0.5365807 0.8125170 0.4011754 0.3494844 0.3084086 0.2499149 0.3296897 0.0935942 0.3667316 0.4727305 0.2451860 1.5653211 0.4209648 0.0649515 0.0936908 0.4624563 2.1442616 2.8394870 0.4039863 0.2886337 4.1455989 0.3675753 0.4221781 0.3104491 0.3971318 0.4599465 0.2122406 0.0724797 0.4425090 0.3604803 0.0097090 1.3453379 
UHM49|F|ITS1                                      0.4573355 0.4611163 0.0090273 3.1567727 0.2174584 0.3095119 0.6976243 0.5458224 0.5788553 0.5139494 0.5214381 0.4934953 0.4908676 0.5530012 0.4982464 0.5481835 0.2875269 0.4940184 0.5617397 0.4458910 0.5267221 0.0000000 0.2282862 0.6509721 0.4928491 0.1775095 1.3115547 0.6181068 0.4963296 0.4545463 0.3268392 0.5043536 0.3728166 1.3499867 2.0404754 0.4564389 0.2945641 0.3915737 0.4019850 0.5120937 0.4986378 0.2541614 0.3759606 0.9701274 0.4532442 0.2881746 0.4530392 0.6433905 0.2939746 0.4081253 0.4950085 0.5122810 2.0177314 0.3972630 0.4886425 2.4801584 0.5898668 0.5433458 0.5643036 0.2282862 0.5092263 0.4617472 0.5105461 0.4177109 0.5104199 0.4379251 0.7397831 0.4171242 2.5029540 0.5393945 0.4902366 0.5117674 0.4727098 1.8660326 3.7546188 0.5148805 0.3972630 4.6390183 0.2791104 0.5134358 0.4081253 0.3670293 0.5590877 0.5872314 0.4830534 0.4001391 0.5632238 0.5089320 2.0927520 
UHM45|F|ITS1                                      0.3486263 0.3261560 0.2135655 2.6140043 0.0925097 0.2612308 0.4190998 0.5087678 0.4490527 0.3525968 0.2944233 0.4613116 0.2955143 0.4234780 0.2201897 0.3455931 0.2618404 0.3740131 0.3662015 0.3380064 0.4011754 0.2282862 0.0000000 0.6062898 0.3733305 0.2602250 0.9857177 0.4736449 0.3463559 0.4140333 0.0926297 0.3887456 0.3290517 1.0727560 1.9018898 0.3388031 0.2170286 0.2980952 0.3148251 0.3588709 0.3175018 0.2635652 0.3446153 0.5517662 0.2919634 0.2702374 0.3289300 0.5163338 0.0635370 0.3534899 0.3396265 0.3558414 1.8006735 0.3276667 0.3923521 1.9219955 0.3601148 0.4442099 0.6495745 0.0000010 0.3718128 0.3887456 0.4292164 0.3965807 0.3654128 0.3964191 0.4776694 0.3279029 2.1900895 0.4068118 0.3429500 0.3324478 0.4109377 1.6278233 3.6342008 0.4388971 0.3276667 4.0070733 0.1124311 0.4662031 0.3534899 0.3737440 0.4713844 0.4932160 0.3738029 0.2135655 0.3103604 0.4102337 1.8314828 
NR_103647.1_Mucor_falcatus|F|ITS1                 0.4356564 0.5348247 0.5827969 2.9527243 0.5729360 0.5315759 0.6437937 0.3845299 0.4755259 0.4925639 0.4753934 0.6976277 0.4657819 0.5546093 0.5658815 0.4507006 0.5100046 0.4525949 0.4622068 0.4449119 0.4311226 0.6509721 0.6062898 0.0000000 0.4856428 0.6355709 1.1958421 0.3896786 0.3841591 0.6282683 0.6250074 0.2061476 0.4905779 1.2444469 1.3342345 0.4478658 0.5480153 0.5520989 0.6415530 0.3832553 0.3759223 0.5431494 0.3673591 0.9327933 0.5293427 0.5100046 0.4670682 0.6431017 0.5835986 0.4328051 0.4129921 0.3831349 1.7413046 0.5107107 0.2063454 2.2313751 0.4689852 0.3004852 1.2640637 0.6062898 0.2508129 0.2161806 0.3001063 0.2680806 0.4446333 0.2408328 0.6608998 0.4016083 1.5764660 0.5035385 0.4032754 0.4456551 0.9326792 2.4188486 4.0126850 0.5291554 0.5107107 2.6127223 0.5769106 0.4078333 0.4328051 0.4512973 0.4462793 0.4632527 0.4057054 0.5407221 0.5204271 0.4705839 1.6285751 
UHM53|F|ITS1                                      0.0571061 0.1664380 0.4520000 4.2465129 0.4676123 0.3453790 0.3207498 0.4424526 0.3141867 0.3259690 0.1598245 0.4165788 0.1652546 0.0198832 0.4800093 0.3578602 0.3743990 0.0195784 0.2573476 0.0675983 0.1091970 0.4928491 0.3733305 0.4856428 0.0000000 0.5161038 1.0306061 0.3167384 0.0405285 0.4996118 0.3695811 0.3652324 0.3605898 1.1139626 2.1097465 0.0399660 0.3833210 0.3272395 0.5278318 0.0406816 0.0673483 0.3645242 0.4023135 0.5079072 0.3261280 0.3647414 0.0784917 0.4293698 0.4789810 0.3468825 0.0672673 0.0407027 1.5317339 0.2725902 0.4711304 1.6640651 0.3561089 0.5512515 0.8160874 0.3733305 0.4090919 0.3519517 0.3061340 0.3622638 0.0097026 0.4027497 0.4704215 0.2434402 1.7592810 0.3816816 0.0517429 0.0625818 0.5033643 1.8628008 2.5013763 0.3340193 0.2725902 3.8302328 0.4461932 0.5594970 0.3468825 0.3635785 0.5317049 0.2028718 0.0354069 0.4632577 0.3444349 0.0971268 1.6109030 
NR_152948.1_Mucor_hiemalis|F|ITS1                 0.4177130 0.4650231 0.1275753 2.5319987 0.2169394 0.2801588 0.6747712 0.4401317 0.4389151 0.4658557 0.4707305 0.4439952 0.4057770 0.5785566 0.1333798 0.4949585 0.2917322 0.4696379 0.5436339 0.4071420 0.3963142 0.1775095 0.2602250 0.6355709 0.5161038 0.0000000 1.0168060 0.4372154 0.4330529 0.4099751 0.2903585 0.4424612 0.4275393 1.3295332 1.8120286 0.4380186 0.2423561 0.3165177 0.3715131 0.4470932 0.4349850 0.2961351 0.3107214 0.9129429 0.4607062 0.2836683 0.4139470 0.4811972 0.2830207 0.3841084 0.4856814 0.4472626 1.8644851 0.4166218 0.4809623 2.1706515 0.5121182 0.5646968 0.6332404 0.2602250 0.4634455 0.4545471 0.4540746 0.4270659 0.4901468 0.4477480 0.5878218 0.3785254 1.8468762 0.4673088 0.4369541 0.5067277 0.4315579 1.9681598 3.1515054 0.4887130 0.4166218 4.5874038 0.2575265 0.4034866 0.3841084 0.3334871 0.4888866 0.5075302 0.4590588 0.1346594 0.5186447 0.4160382 1.6437142 
NR_187100.1_Mucor_ascheae|F|ITS1                  1.0213997 0.8113583 1.1091867 4.7004633 0.9527745 1.0001661 1.1881509 1.3085502 1.0465833 1.0723002 0.9387427 1.4815404 1.1602778 1.1382846 1.1622889 1.1214767 1.4025217 0.9790296 0.9869553 0.9927592 0.9594825 1.3115547 0.9857177 1.1958421 1.0306061 1.0168060 0.0000000 0.9492867 1.0542937 1.4104386 1.0616142 1.0609727 1.4549867 2.3499764 3.4356007 1.1184676 1.3275697 1.1944962 1.1118621 1.0192566 0.9734318 1.4214850 0.9187370 1.5938403 1.0903810 1.3696202 1.0268730 1.2423900 0.9118130 1.2460724 0.8676067 1.0189757 3.4419862 1.2388396 1.0562163 5.2157888 1.0929853 1.3517538 2.5324489 0.9857177 1.1501609 1.0359627 1.0106393 1.0716376 1.1031877 1.1541769 1.4665933 1.1231694 5.2237172 1.0882769 0.9163392 1.0089303 0.6347807 3.8263090 4.7210380 1.0452969 1.2388396 8.9999984 1.0043136 1.4127263 1.2460724 1.2609174 1.2257140 1.0964348 0.9288028 1.1218379 1.1138567 0.8934481 4.6273643 
NR_182579.1_Mucor_kunryangriensis|F|ITS1          0.2550375 0.3227564 0.5575508 3.9061604 0.4172721 0.3891426 0.4336684 0.2463780 0.2869329 0.3257675 0.3039042 0.5376936 0.2810527 0.3610668 0.5433832 0.3153820 0.4399837 0.3155782 0.3092335 0.2616338 0.2542263 0.6181068 0.4736449 0.3896786 0.3167384 0.4372154 0.9492867 0.0000000 0.2475766 0.5543054 0.4529923 0.2361031 0.4152448 1.2057617 2.0072527 0.2784645 0.4693873 0.3419741 0.4395128 0.2471741 0.2403407 0.4636944 0.2115991 0.5737943 0.4301924 0.4295675 0.2654672 0.4934069 0.4177669 0.3637659 0.2845358 0.2471157 1.2758535 0.3363499 0.2754480 1.6077877 0.3536338 0.2834055 0.9357773 0.4736449 0.2640718 0.2468648 0.1592964 0.2690990 0.2849095 0.2610715 0.5122664 0.3041723 1.8735093 0.4799275 0.2333701 0.2574404 0.6558305 2.8660783 3.5845835 0.3723211 0.3363499 3.8856982 0.4006709 0.3796948 0.3637659 0.3519790 0.3623451 0.2539552 0.2837022 0.5209298 0.3824148 0.2828347 1.7290572 
NR_103628.1_Mucor_bainieri|F|ITS1                 0.0339130 0.1357590 0.4440464 3.3497524 0.4114640 0.2634616 0.3850423 0.3502719 0.2477949 0.2605247 0.1080997 0.3575321 0.1069023 0.0630305 0.4356167 0.3037259 0.2905232 0.0301088 0.1921266 0.0387258 0.0646306 0.4963296 0.3463559 0.3841591 0.0405285 0.4330529 1.0542937 0.2475766 0.0000000 0.4177435 0.3067868 0.2819600 0.3080178 0.9559095 1.7473182 0.0493681 0.3142617 0.2569691 0.4479852 0.0046980 0.0339500 0.3041140 0.3144736 0.5612083 0.3109523 0.2823564 0.0648999 0.3630952 0.4096890 0.2763173 0.0673237 0.0093865 1.3216326 0.2258697 0.4004313 1.5853944 0.2993079 0.4689818 0.7579688 0.3463559 0.3183030 0.2958230 0.2355570 0.3051566 0.0290489 0.3336751 0.3825842 0.1884178 1.4602484 0.3088397 0.0242456 0.0603037 0.5256376 1.8144063 2.4551155 0.3420457 0.2258697 3.5033358 0.3744918 0.4737766 0.2763173 0.3264401 0.4312932 0.1781695 0.0246446 0.4166082 0.2754087 0.0781498 1.3503142 
NR_145286.1_Mucor_megalocarpus|F|ITS1             0.4442837 0.4479023 0.4037339 2.8651679 0.4286326 0.4994093 0.6257656 0.5972425 0.4447967 0.4224341 0.4248146 0.5923993 0.4593859 0.5555467 0.3968897 0.4470483 0.4796419 0.5008076 0.4571119 0.4332607 0.5149396 0.4545463 0.4140333 0.6282683 0.4996118 0.4099751 1.4104386 0.5543054 0.4177435 0.0000000 0.4892538 0.4868789 0.4938653 1.3396514 1.6967363 0.4435035 0.3716887 0.4409138 0.2660181 0.4313083 0.4328088 0.5064203 0.3468355 0.8659532 0.5035837 0.4685647 0.4380215 0.4713021 0.5163934 0.4347329 0.4849413 0.4314723 1.4025129 0.4187427 0.5318767 1.9499265 0.4555828 0.5387672 0.8804011 0.4140333 0.4467531 0.5155578 0.5110334 0.5019468 0.4512243 0.5267789 0.5087499 0.4095521 2.0449697 0.3878058 0.4424647 0.4721270 0.5248464 1.9094301 3.3743807 0.5083449 0.4218371 3.1238340 0.4389233 0.6652786 0.4347329 0.4819106 0.3896094 0.5019111 0.4897998 0.3785459 0.5278254 0.5717884 1.8212592 
NR_165210.1_Mucor_souzae|F|ITS1                   0.3168098 0.3199595 0.2833743 2.3865838 0.1738650 0.3471311 0.4090186 0.4874078 0.4910298 0.3603093 0.2623408 0.5321598 0.3221056 0.4169642 0.2810948 0.3262897 0.2617088 0.3702199 0.3673123 0.3082682 0.3415176 0.3268392 0.0926297 0.6250074 0.3695811 0.2903585 1.0616142 0.4529923 0.3067868 0.4892538 0.0000000 0.3969700 0.3794359 0.9140150 1.8732198 0.3168017 0.2711038 0.3340346 0.3646202 0.3175598 0.2813196 0.2605647 0.3647843 0.5369154 0.3287588 0.2617356 0.3078881 0.4520235 0.1584763 0.3323101 0.3262734 0.3176883 2.2995405 0.3395582 0.4463622 2.6908050 0.3620515 0.5388191 0.7885898 0.0926297 0.3807150 0.4181701 0.4239987 0.3867067 0.3190295 0.4259564 0.4854073 0.3008916 2.1022155 0.4023761 0.3115457 0.3104310 0.4203151 1.4142983 3.7743601 0.4059372 0.3395582 4.1180990 0.1858517 0.4602141 0.3323101 0.4176847 0.4554235 0.4454436 0.3612239 0.2658385 0.3522874 0.3777276 1.9056820 
NR_152960.1_Mucor_ardhlaengiktus|F|ITS1           0.2969001 0.3382195 0.4488591 3.1029863 0.3444949 0.4079799 0.4812539 0.3410933 0.2710604 0.2741497 0.3000958 0.4973802 0.3185267 0.4166693 0.4397710 0.2337995 0.3966790 0.3401873 0.2905527 0.3221925 0.2939694 0.5043536 0.3887456 0.2061476 0.3652324 0.4424612 1.0609727 0.2361031 0.2819600 0.4868789 0.3969700 0.0000000 0.3814470 1.0545794 1.3148766 0.3464115 0.4177364 0.3878446 0.3962086 0.2814451 0.2804687 0.4184375 0.1939700 0.7032522 0.4258677 0.3966790 0.3157294 0.5207909 0.3659216 0.2608652 0.3346004 0.2813724 1.2746224 0.2630809 0.0648550 1.6534251 0.2428741 0.1487380 0.9341212 0.3887456 0.0730248 0.0000010 0.2275655 0.1077736 0.3272317 0.0582618 0.5765883 0.2213188 1.4524154 0.4358995 0.2900501 0.2893026 0.6639877 2.6061875 3.2763001 0.4121166 0.2630809 3.0682073 0.3316445 0.2946245 0.2608652 0.2735545 0.3741624 0.3105692 0.3049538 0.4196767 0.2619235 0.3277212 1.4335275 
NR_103636.1_Mucor_guilliermondii|F|ITS1           0.3342036 0.3222873 0.3272479 2.9389072 0.3782583 0.4771420 0.4840174 0.3774972 0.4549483 0.3561105 0.3416818 0.4143110 0.3790635 0.4083648 0.3234695 0.3001980 0.3683857 0.3612115 0.4142919 0.3243437 0.3829354 0.3728166 0.3290517 0.4905779 0.3605898 0.4275393 1.4549867 0.4152448 0.3080178 0.4938653 0.3794359 0.3814470 0.0000000 1.1657294 2.0475977 0.3009634 0.3836808 0.2902603 0.4554502 0.3191039 0.3226199 0.3866484 0.3153408 0.6807582 0.1755238 0.3779779 0.3634442 0.4206319 0.4451278 0.2674467 0.3467995 0.3164859 2.2159300 0.2386846 0.4444867 2.4380225 0.3336502 0.4873783 0.6682188 0.3290517 0.4190258 0.4024285 0.3423736 0.3885435 0.3252095 0.4022762 0.4282459 0.2397297 2.4052101 0.3310261 0.3110253 0.3703036 0.5537450 1.7134310 3.4323631 0.4385627 0.2386846 3.1014498 0.4206300 0.4506608 0.2674467 0.3058718 0.3536009 0.4560878 0.3609835 0.3073021 0.3402992 0.4245571 1.9597293 
NR_145292.1_Backusella_oblongielliptica|F|ITS1    1.0731767 1.0901945 1.2526613 4.2364743 1.1420658 0.9551354 1.4440452 1.2724457 1.5780063 1.0827846 0.8758728 1.2493648 1.1842916 1.2525311 1.1911262 1.2158800 0.8899513 1.0908482 1.3348571 1.0325745 1.0472478 1.3499867 1.0727560 1.2444469 1.1139626 1.3295332 2.3499764 1.2057617 0.9559095 1.3396514 0.9140150 1.0545794 1.1657294 0.0000000 2.0032336 0.9742510 1.0601901 1.0817927 1.2051871 0.9860429 0.9943929 0.9367204 1.1947957 1.6632994 1.2146023 0.8597741 1.1541418 1.3205383 1.1893158 1.1575597 1.1725659 1.0024999 2.7654320 1.3354689 1.1723256 4.5692651 1.2427549 1.2628357 2.5198989 1.0727560 1.0848571 1.1490542 1.1415696 0.9009212 0.9958747 1.2012279 1.3694852 1.1274839 1.6202188 1.1854785 1.0141302 1.1054539 1.2773673 3.6750787 6.1639695 1.2374161 1.3354689 3.8466378 1.1431583 1.0715782 1.1575597 1.2944922 1.2547147 1.4301727 1.1404859 1.1516336 1.1861153 1.1938815 1.7577860 
NR_145291.1_Backusella_lamprospora|F|ITS1         1.8498356 2.0018209 1.8922342 8.7290224 2.0635064 2.2443359 1.8909075 1.7082669 1.9933129 1.7621433 1.5842050 1.9408837 1.7587950 2.4339700 1.7554344 1.5151863 1.7524418 2.0285001 1.6679093 1.9407422 1.6632767 2.0404754 1.9018898 1.3342345 2.1097465 1.8120286 3.4356007 2.0072527 1.7473182 1.6967363 1.8732198 1.3148766 2.0475977 2.0032336 0.0000000 1.8774412 1.4912858 1.6158390 1.5859478 1.7405437 1.6916108 1.9563219 1.4513087 2.0755120 2.2681910 1.7524418 1.8402411 1.8252634 1.9151151 1.5970957 2.1392277 1.7392066 4.5959584 1.9334502 1.4049465 2.8275449 1.6986837 1.8417843 2.3848621 1.9018898 1.4468841 1.4525931 1.6842763 1.4858727 1.7749255 1.6858821 1.9246748 1.3205053 1.0806722 2.0508641 1.7224412 1.6665026 2.1599675 4.5149365 7.6298005 1.4526733 1.9334502 5.4414458 1.9354491 1.4730858 1.5970957 1.7780336 1.5905201 2.0347505 2.0083376 1.6932801 1.7390187 1.9682535 1.1681759 
NR_103627.1_Mucor_ramosissimus|F|ITS1             0.0446176 0.1640897 0.4060813 4.3953511 0.4266743 0.3045461 0.3482369 0.3994501 0.2762577 0.3042810 0.1538167 0.3777793 0.1383593 0.0621312 0.3992201 0.3375059 0.3282272 0.0611725 0.2256598 0.0442470 0.1051191 0.4564389 0.3388031 0.4478658 0.0399660 0.4380186 1.1184676 0.2784645 0.0493681 0.4435035 0.3168017 0.3464115 0.3009634 0.9742510 1.8774412 0.0000000 0.3168810 0.2872505 0.4593189 0.0495512 0.0649537 0.3441834 0.3493350 0.5123125 0.2767487 0.3195104 0.0544066 0.3922156 0.4364267 0.3037555 0.0785221 0.0495758 1.3282171 0.2508615 0.4597700 1.5941068 0.3356506 0.5370585 0.7207536 0.3388031 0.3669237 0.3646521 0.2617368 0.3542081 0.0286619 0.3722044 0.4131741 0.2098418 1.6758023 0.3313025 0.0395307 0.0497876 0.4885272 1.6904919 2.5312154 0.2919200 0.2508615 3.2449494 0.4145958 0.4943302 0.3037555 0.3688555 0.4299105 0.2327215 0.0678674 0.3810349 0.3278698 0.1214847 1.5406465 
NR_111660.1_Mucor_fusiformis|F|ITS1               0.2993552 0.3805392 0.2541444 2.0487362 0.2421911 0.1945584 0.6101568 0.4735040 0.4729763 0.3938004 0.3365091 0.4068530 0.3070818 0.4310106 0.2528565 0.4010370 0.2574203 0.3818877 0.4292731 0.3091103 0.3341346 0.2945641 0.2170286 0.5480153 0.3833210 0.2423561 1.3275697 0.4693873 0.3142617 0.3716887 0.2711038 0.4177364 0.3836808 1.0601901 1.4912858 0.3168810 0.0000000 0.2501811 0.3080666 0.3136720 0.3523042 0.2689384 0.2792175 0.8809393 0.4306570 0.2497958 0.3154104 0.4621393 0.2642739 0.3363310 0.4174168 0.3069357 1.5813643 0.3564070 0.4667927 1.9132027 0.4824647 0.4906177 0.6191807 0.2170286 0.3910664 0.4408182 0.4334386 0.4055900 0.3450588 0.4658369 0.4450684 0.2938244 1.8010854 0.4168436 0.3213925 0.3308864 0.4533005 1.8085261 2.5470145 0.5094448 0.3589631 4.2467252 0.2830848 0.4588403 0.3363310 0.4409255 0.4964354 0.4833484 0.3511436 0.2387437 0.4676026 0.3714337 1.5886756 
NR_145285.1_Mucor_bacilliformis|F|ITS1            0.2766083 0.3046247 0.3436540 2.6009606 0.3559799 0.2882791 0.4454039 0.3638873 0.3780908 0.2643862 0.2745653 0.3047797 0.3195171 0.3706446 0.3391454 0.2874142 0.2529760 0.3160607 0.3572882 0.2851504 0.3144419 0.3915737 0.2980952 0.5520989 0.3272395 0.3165177 1.1944962 0.3419741 0.2569691 0.4409138 0.3340346 0.3878446 0.2902603 1.0817927 1.6158390 0.2872505 0.2501811 0.0000000 0.3808842 0.2671398 0.2745125 0.2643532 0.3291673 0.5996907 0.3414889 0.2453405 0.2785287 0.3494638 0.3437204 0.2951927 0.3551783 0.2672575 1.6691435 0.2136003 0.4362773 1.9569051 0.3363999 0.4677369 0.6565690 0.2980952 0.4478098 0.4089332 0.3276774 0.4129027 0.2938879 0.4395285 0.4076950 0.2325997 1.6523495 0.3589465 0.2736213 0.2937889 0.5226340 1.9914379 2.6879860 0.3669247 0.2149254 5.2210576 0.3633267 0.5333499 0.2951927 0.3100866 0.4249594 0.4091409 0.3073371 0.3220931 0.3394946 0.3500525 1.5141482 
NR_111662.1_Mucor_multiplex|F|ITS1                0.4043376 0.3822267 0.3535474 2.8456974 0.3417365 0.4507400 0.5127827 0.4531976 0.3807146 0.3504201 0.3762820 0.5054811 0.4272411 0.5873634 0.3486621 0.3411814 0.4177649 0.5381878 0.4214866 0.4157135 0.4565976 0.4019850 0.3148251 0.6415530 0.5278318 0.3715131 1.1118621 0.4395128 0.4479852 0.2660181 0.3646202 0.3962086 0.4554502 1.2051871 1.5859478 0.4593189 0.3080666 0.3808842 0.0000000 0.4469707 0.3950622 0.4394900 0.2877426 0.7334838 0.4814887 0.4078502 0.4225759 0.3907378 0.3561016 0.3931036 0.4574802 0.4391450 2.0426357 0.4085562 0.4615631 2.1263462 0.3686588 0.5065005 0.7996682 0.3148251 0.3949430 0.4176752 0.3973695 0.3906405 0.4756157 0.4175090 0.5275891 0.3553657 1.9479904 0.3536384 0.4065118 0.4063082 0.4032220 1.9749403 4.2310146 0.4513754 0.4115674 3.1447405 0.3155349 0.4382861 0.3931036 0.3909165 0.4049169 0.4696780 0.4993634 0.3313789 0.4409615 0.5063890 1.6603495 
NR_169895.1_Mucor_atramentarius|F|ITS1            0.0338815 0.1284470 0.4588560 3.3497524 0.4255620 0.2734831 0.3874902 0.3495906 0.2382407 0.2704247 0.1014435 0.3697770 0.1136234 0.0632818 0.4497557 0.3054589 0.3011260 0.0355377 0.1918598 0.0440590 0.0645654 0.5120937 0.3588709 0.3832553 0.0406816 0.4470932 1.0192566 0.2471741 0.0046980 0.4313083 0.3175598 0.2814451 0.3191039 0.9860429 1.7405437 0.0495512 0.3136720 0.2671398 0.4469707 0.0000000 0.0392395 0.3153960 0.3138571 0.5652255 0.3127375 0.2927905 0.0651465 0.3653070 0.4087692 0.2865112 0.0675895 0.0093783 1.3155509 0.2354185 0.3995106 1.5778160 0.2884052 0.4677804 0.7638949 0.3588709 0.3176833 0.2952490 0.2351791 0.3045557 0.0291527 0.3329859 0.3954813 0.1968716 1.5109616 0.2980609 0.0191795 0.0605335 0.5062286 1.8144063 2.5475084 0.3440755 0.2354185 3.5033358 0.3737021 0.4726470 0.2865112 0.3257863 0.4302886 0.1779217 0.0246217 0.4303398 0.2858078 0.0780652 1.3955913 
NR_168144.1_Mucor_ctenidius|F|ITS1                0.0438724 0.1106761 0.4461085 3.3163639 0.3719699 0.3087043 0.3217658 0.3599495 0.2477443 0.2432956 0.1024331 0.3704729 0.1184126 0.0913824 0.4375680 0.2743889 0.3202400 0.0564355 0.1858272 0.0488832 0.0701486 0.4986378 0.3175018 0.3759223 0.0673483 0.4349850 0.9734318 0.2403407 0.0339500 0.4328088 0.2813196 0.2804687 0.3226199 0.9943929 1.6916108 0.0649537 0.3523042 0.2745125 0.3950622 0.0392395 0.0000000 0.3357213 0.3196630 0.4787886 0.2714042 0.3116205 0.0590128 0.3689338 0.3971184 0.2836331 0.0399837 0.0389066 1.3725587 0.2460174 0.3634765 1.6491289 0.2808229 0.4501391 0.7880055 0.3175018 0.3165376 0.2941710 0.2283962 0.3034359 0.0544029 0.3389663 0.3761296 0.1791461 1.5360389 0.3273670 0.0341536 0.0544472 0.4571312 1.7904263 2.3782311 0.2846885 0.2460174 3.5754243 0.3593429 0.4928360 0.2836331 0.3681938 0.4067992 0.1993377 0.0562915 0.4184616 0.2635246 0.0840366 1.3922423 
UHM38|F|ITS1                                      0.3356875 0.3049338 0.2410707 2.4269150 0.2969436 0.1651316 0.4819529 0.4135915 0.4130021 0.4014553 0.2700248 0.3264222 0.3324308 0.4103366 0.2380412 0.4167713 0.0000010 0.3365711 0.4051992 0.3235608 0.3435097 0.2541614 0.2635652 0.5431494 0.3645242 0.2961351 1.4214850 0.4636944 0.3041140 0.5064203 0.2605647 0.4184375 0.3866484 0.9367204 1.9563219 0.3441834 0.2689384 0.2643532 0.4394900 0.3153960 0.3357213 0.0000000 0.3622505 0.6859329 0.4300330 0.0046092 0.3254641 0.4626311 0.2971114 0.3002246 0.3733595 0.3223191 2.0541676 0.4190101 0.4714882 2.6041942 0.3994251 0.5251881 0.3404805 0.2635652 0.4808289 0.4217507 0.3772166 0.3459208 0.3543921 0.4147024 0.5075472 0.2907328 2.0499382 0.4421375 0.3301537 0.3630685 0.4547974 1.8540620 2.3805653 0.4398805 0.4221660 5.8563042 0.3018226 0.4402779 0.3002246 0.3902767 0.4767134 0.4030471 0.3220872 0.2380412 0.4919729 0.3532898 1.7919647 
