88
NR_103639.1_Mucor_azygosporus|F|ITS2           0.0000000 1.0486453 0.8985460 1.1258699 0.9553379 0.9025347 0.7433972 0.7797906 1.1258699 1.0905424 0.9309065 0.4625302 0.9886395 0.6662144 1.0499375 0.6869174 0.6717788 1.0370702 0.7875244 0.8784728 0.7668000 1.7146786 0.7550645 0.6932681 2.0122864 0.9731484 0.7894273 0.8663244 0.7124569 0.9429946 0.7367050 0.9795441 0.8278121 0.8267554 0.7239973 2.2061128 0.6563375 1.2584179 2.8951538 1.8345846 0.8815191 2.2083400 3.0287818 0.8864851 2.2424017 0.8305916 0.7691359 0.8449112 0.6438138 0.8230950 0.8858325 0.6542000 0.8211864 0.6751904 0.8133998 0.8133998 0.6659032 0.9753341 0.7401319 0.7519031 0.9131402 0.7610184 0.7704824 0.9309065 0.6882332 0.8978189 1.0950476 1.0916708 0.8221649 1.1104905 0.7890996 0.6856260 0.6765408 1.4222170 0.9951821 1.0018444 0.9303751 2.0888285 0.6659032 0.6912688 0.6080888 1.1006490 0.9216881 4.7453547 0.6811141 0.8267554 1.2174082 0.5726777 
NR_103631.1_Mucor_strictus|F|ITS2              1.0486453 0.0000000 0.5751240 0.5097677 0.9676315 0.4639237 0.8520948 0.7043832 0.5097677 0.4946674 0.5598769 0.8152491 0.5078175 0.7680044 0.9058870 0.7785996 0.7404405 0.7314638 0.5403888 0.4511956 0.8204605 1.1773128 0.7685904 0.8034446 1.6795906 0.4244022 0.8920104 0.9235184 0.5870011 0.6564680 0.6455472 0.5211195 0.9565815 0.4946889 0.7388247 1.8868822 0.7654574 0.4428603 2.2964436 1.4705296 0.6908642 1.5867847 1.6334691 0.6429121 1.7458385 0.8557914 0.7866826 0.6367592 0.6856947 0.5360433 0.5342369 0.7654502 0.5717223 0.6452064 0.5570688 0.5570688 0.8627938 1.4782731 0.5861635 1.1013090 0.7676013 0.7696134 0.5445152 0.5598769 0.7833118 0.6291989 0.4963981 0.6653685 0.5500989 0.8577341 0.7649311 0.6527938 1.0224158 0.7261270 0.5541039 0.5444619 1.1686178 3.3592145 0.8627938 0.7952964 0.7478236 0.7109547 0.6197226 2.0770895 0.7415918 0.4946889 1.0917774 0.9408177 
NR_178158.1_Mucor_takensis|F|ITS2              0.8985460 0.5751240 0.0000000 0.1538206 0.4714143 0.3159073 0.6296193 0.5777608 0.1538206 0.1459408 0.2270653 0.7508102 0.1149537 0.6217309 0.9303996 0.6153627 0.5866304 0.4221756 0.2532234 0.3059745 0.5998864 1.3716994 0.5975953 0.6218752 1.4377909 0.2013311 1.0002259 0.9222474 0.5234820 0.4811023 0.5275588 0.1646005 0.5287902 0.3309446 0.5727201 1.5146821 0.5919058 0.8172348 2.4904479 1.2012073 0.3489402 1.3898520 1.9584990 0.5360915 1.2281384 0.8337705 0.5844833 0.5501186 0.5559621 0.3664878 0.0110447 0.6028050 0.5566214 0.4935694 0.2632236 0.2632236 0.9969759 1.0103948 0.3821213 1.1094214 0.6426197 0.6097067 0.3130859 0.2270653 0.6356761 0.3886830 0.1463456 0.8272126 0.5769458 0.6434400 0.5685133 0.5441727 1.0472346 0.6702162 0.1144844 0.3846078 0.8824842 1.7391444 0.9969759 0.6118844 0.5970158 0.7527770 0.2481299 1.8793775 0.5904343 0.3309446 0.8975251 0.8272452 
UHM47|F|ITS2                                   1.1258699 0.5097677 0.1538206 0.0000000 0.5895343 0.2655773 0.5251614 0.4166745 0.0248118 0.0147958 0.2082700 0.6184970 0.0810260 0.5266614 1.0141580 0.5303731 0.5045731 0.4002650 0.2080935 0.2563746 0.6186693 1.5092717 0.4852931 0.4742574 1.5418781 0.1537077 0.9589822 0.9074795 0.4438759 0.4610002 0.5228175 0.0827282 0.6464125 0.2819847 0.4922113 1.5394136 0.5385163 0.7847370 2.6478418 1.4812743 0.3715591 1.4055334 1.7006085 0.4528994 1.2143915 0.6393027 0.4874281 0.5645249 0.5093929 0.3829930 0.1459408 0.5064746 0.3791548 0.4232328 0.2142282 0.2618630 0.8693858 1.0297933 0.3713484 0.9740741 0.5018174 0.5057408 0.2929995 0.2136302 0.5150176 0.3472025 0.0252706 1.0105030 0.4859363 0.6303531 0.4731786 0.5083336 1.0827907 0.7369319 0.1445990 0.3220266 0.9212545 2.1332428 0.8693858 0.5311244 0.5266845 0.6678248 0.2142684 2.3715346 0.5243175 0.2819847 1.0009375 0.7287382 
UHM48|F|ITS2                                   0.9553379 0.9676315 0.4714143 0.5895343 0.0000000 0.5141900 0.8327449 0.6954917 0.5494570 0.5639137 0.6468559 1.1135576 0.4640237 0.8637709 1.2854061 0.8894555 0.8919759 0.5799995 0.2502588 0.5006984 0.8596510 2.1072662 0.9304468 0.8953631 1.7990857 0.5958498 1.1668684 0.9522322 0.6958651 0.6613848 0.7938708 0.4613421 1.0248577 0.4974536 0.8485211 1.6953172 0.9094904 0.9143187 3.0627289 1.9986813 0.5187229 2.7555763 2.5069496 0.5688239 1.6477601 1.0348573 0.7146679 0.8216709 0.9280989 0.5772379 0.4573934 0.8741599 0.6265750 0.5857698 0.3333204 0.3065739 1.2758923 1.2466150 0.6674437 1.5324170 0.7998581 0.8854301 0.4886412 0.6403870 0.8862073 0.5034296 0.5320544 1.1825634 0.7100951 0.6654266 0.7321649 0.5182878 1.4672397 0.9088969 0.5294595 0.5397001 0.9925915 2.8420700 1.2758923 0.8940286 0.8558017 0.7830948 0.4731549 2.9495241 0.8351806 0.4974536 1.2718390 0.9103490 
NR_152977.1_Mucor_rudolphii|F|ITS2             0.9025347 0.4639237 0.3159073 0.2655773 0.5141900 0.0000000 0.6294510 0.4659867 0.2655773 0.2555883 0.3599444 0.5330528 0.2747823 0.5641807 0.8736172 0.5885698 0.5792461 0.4380858 0.3123042 0.0058435 0.5195933 1.5706137 0.5976143 0.5697901 1.3383633 0.2662586 0.8106213 0.8557118 0.3659105 0.5102683 0.4280140 0.3263339 0.6420268 0.0685273 0.5606812 1.5148881 0.5771070 0.6943152 2.5211658 1.3661427 0.3944133 1.5640619 1.7529346 0.4221385 1.4144452 0.8026332 0.4512908 0.4158903 0.5323245 0.2759391 0.3050098 0.5575615 0.3605303 0.3207304 0.3237251 0.3237251 0.8753143 1.0556405 0.3505486 0.8993251 0.5462606 0.5780891 0.2774202 0.3599444 0.6291754 0.3051570 0.2563746 0.9393577 0.4173672 0.5988821 0.4902201 0.4670689 0.9779299 0.7158969 0.3075552 0.1713213 0.9519651 2.0554363 0.8753143 0.6042330 0.5823935 0.5373080 0.3281371 1.7468030 0.5616586 0.0685273 0.9963334 0.8007777 
NR_169897.1_Mucor_amethystinus|F|ITS2          0.7433972 0.8520948 0.6296193 0.5251614 0.8327449 0.6294510 0.0000000 0.2013799 0.5251614 0.5228387 0.4709309 0.5455280 0.5221154 0.0775386 0.7841298 0.0589646 0.0769469 0.6902280 0.5058525 0.6136040 0.4628551 1.8380728 0.0715200 0.0990443 1.6007706 0.5755303 1.0007415 0.6951947 0.3668399 0.3801972 0.5087638 0.4376494 0.9002743 0.5695168 0.0773767 1.5223108 0.0531269 1.2649085 1.5933499 1.5738196 0.6756853 1.5373467 1.5138567 0.3751318 1.8977656 0.1952711 0.2102675 0.4788166 0.0838524 0.6517611 0.5997506 0.0721907 0.5717617 0.5669186 0.5218325 0.5218325 0.7148903 0.8528851 0.5599621 0.7036952 0.2168882 0.0812417 0.5980770 0.4709309 0.0768536 0.6466647 0.5112942 1.1998947 0.6271064 0.7606146 0.2020788 0.4941572 0.7520436 0.9346779 0.5644590 0.5462901 0.7875514 1.6037189 0.7148903 0.0594209 0.0582953 0.8618569 0.6617196 2.0998394 0.1031014 0.5695168 1.1296272 0.6048721 
NR_175649.1_Mucor_harpali|F|ITS2               0.7797906 0.7043832 0.5777608 0.4166745 0.6954917 0.4659867 0.2013799 0.0000000 0.4166745 0.4306101 0.4543456 0.5068141 0.4686581 0.2199750 0.8118276 0.2034756 0.1927711 0.5935183 0.4298313 0.4532464 0.5717197 1.3530495 0.2052526 0.2355101 1.3573762 0.4864732 0.7570308 0.6177756 0.4061475 0.3601611 0.5677314 0.4702283 0.7343544 0.4606366 0.2032673 1.5486368 0.1903504 1.1561087 1.7580240 1.4373743 0.5787821 1.3690542 1.6097310 0.3181296 1.7448851 0.3525064 0.1189055 0.5315563 0.1841241 0.6028062 0.5498311 0.2000727 0.5426533 0.4574736 0.4440878 0.4440878 0.8088815 0.7609095 0.5826126 0.7749029 0.0658229 0.2069572 0.5544722 0.4543456 0.2255040 0.6107216 0.4047281 1.3610466 0.5113549 0.5695805 0.1257335 0.3896723 0.6449868 0.8138469 0.4872905 0.5125731 0.6777788 2.0602226 0.8088815 0.1908667 0.2107170 0.7759883 0.5174035 2.1485793 0.1861163 0.4606366 0.9113134 0.5563468 
UHM49|F|ITS2                                   1.1258699 0.5097677 0.1538206 0.0248118 0.5494570 0.2655773 0.5251614 0.4166745 0.0000000 0.0301331 0.2396099 0.6184970 0.0810260 0.5266614 1.0141580 0.5303731 0.5045731 0.4002650 0.2080935 0.2563746 0.6186693 1.6075106 0.4733404 0.4975043 1.5418781 0.1537077 0.9589822 0.9074795 0.4438759 0.4610002 0.5228175 0.0827282 0.6464125 0.2819847 0.4922113 1.4370205 0.5385163 0.7847370 2.5525969 1.4393292 0.3715591 1.4055334 1.7006085 0.4528994 1.1825710 0.6742797 0.4874281 0.5645249 0.5093929 0.3829930 0.1459408 0.5064746 0.3791548 0.4232328 0.2297629 0.2705319 0.8693858 1.0297933 0.3713484 0.9740741 0.4895933 0.5057408 0.2929995 0.2228418 0.5276450 0.3472025 0.0200711 1.0105030 0.4859363 0.6303531 0.4731786 0.5083336 1.0827907 0.7369319 0.1445990 0.3220266 0.9212545 2.1332428 0.8693858 0.5311244 0.5266845 0.6678248 0.2142684 2.3715346 0.5243175 0.2819847 1.0283192 0.7287382 
UHM36|F|ITS2                                   1.0905424 0.4946674 0.1459408 0.0147958 0.5639137 0.2555883 0.5228387 0.4306101 0.0301331 0.0000000 0.2212437 0.5996436 0.0879488 0.5243286 0.9840350 0.5280076 0.5023794 0.3986480 0.1991614 0.2465357 0.6010240 1.4619539 0.4711160 0.4827951 1.4923913 0.1458364 0.9888981 0.9350493 0.4301863 0.4761145 0.5068665 0.0824736 0.6464125 0.2717959 0.4900791 1.5292752 0.5360865 0.7624827 2.6478418 1.4337089 0.3700997 1.3638137 1.6413312 0.4679626 1.2543120 0.6342832 0.4724830 0.5474349 0.4940908 0.3814776 0.1381884 0.5042262 0.3774871 0.4098524 0.2059640 0.2452379 0.8646203 1.0613765 0.3593868 0.9793682 0.4646233 0.5034577 0.2825684 0.2052810 0.5295876 0.3458628 0.0305576 0.9810175 0.4838562 0.6274515 0.4585587 0.4933370 1.0888669 0.7590242 0.1450497 0.3208157 0.9492791 2.0546398 0.8646203 0.5287552 0.5243517 0.6487761 0.2234779 2.2811830 0.5220019 0.2717959 0.9704091 0.7539952 
UHM45|F|ITS2                                   0.9309065 0.5598769 0.2270653 0.2082700 0.6468559 0.3599444 0.4709309 0.4543456 0.2396099 0.2212437 0.0000000 0.7378517 0.2047040 0.4755934 0.9537384 0.4236804 0.4296557 0.3534006 0.3509958 0.3493312 0.6452228 1.3488732 0.4037213 0.4459719 1.3670247 0.2259822 1.1571998 0.8398273 0.4355714 0.5354671 0.5656198 0.1964049 0.6155900 0.3285647 0.4170552 1.4724396 0.4316921 0.7797683 1.9271131 1.3002054 0.3480729 1.3285278 1.5817899 0.4381582 1.1998046 0.5891805 0.4630086 0.5956811 0.4193286 0.3448935 0.2104218 0.4347736 0.4179778 0.4918700 0.3039849 0.3663498 1.0183871 1.0532599 0.3948154 1.1592196 0.4939560 0.4207367 0.3472901 0.0138889 0.4554935 0.3772868 0.2271793 0.9337431 0.4711513 0.7181079 0.4890215 0.5401726 1.0583096 0.7501021 0.2146579 0.3628009 0.8772595 1.6180893 1.0183871 0.4470083 0.4601889 0.9754471 0.3242388 1.8190885 0.4069984 0.3285647 1.2317511 0.9293509 
NR_103615.1_Mucor_amphibiorum|F|ITS2           0.4625302 0.8152491 0.7508102 0.6184970 1.1135576 0.5330528 0.5455280 0.5068141 0.6184970 0.5996436 0.7378517 0.0000000 0.6550969 0.4446630 0.9094025 0.4473362 0.4670641 0.8818612 0.6431841 0.5183081 0.2805050 1.6738396 0.4901584 0.5007468 1.0481838 0.7347000 0.5312524 0.8643533 0.4308043 0.6558789 0.3412972 0.6827116 0.9029338 0.5381901 0.4856014 2.1035863 0.4638491 1.0630873 2.8272250 1.2735445 0.8311884 1.4302400 1.9519232 0.4836286 1.8115409 0.6961619 0.5470281 0.4161094 0.4433317 0.7236715 0.7358359 0.4664309 0.5385771 0.3190418 0.6637363 0.6637363 0.3114409 0.9487840 0.7092454 0.3690691 0.5781508 0.4807119 0.6377281 0.7378517 0.4816508 0.7856897 0.6019570 1.0843556 0.6592280 0.7965700 0.5620224 0.5799142 0.3563844 1.1505711 0.6707171 0.6260985 0.8912585 1.7525287 0.3114409 0.4771332 0.4450250 0.7255396 0.6829642 2.5812822 0.4961021 0.5381901 0.7738500 0.3437671 
NR_111660.1_Mucor_fusiformis|F|ITS2            0.9886395 0.5078175 0.1149537 0.0810260 0.4640237 0.2747823 0.5221154 0.4686581 0.0810260 0.0879488 0.2047040 0.6550969 0.0000000 0.5206930 0.8048281 0.5243188 0.5302455 0.3711455 0.2145301 0.2654646 0.5353593 1.3771962 0.5382020 0.5171882 1.4333097 0.1078504 0.8447598 0.8195215 0.4239418 0.4027523 0.4611570 0.0825442 0.6617756 0.2793526 0.5021680 1.7169660 0.5322916 0.7229763 2.6002254 1.2574237 0.3064438 1.3704526 1.7327504 0.4629348 1.3550640 0.7454122 0.5423334 0.5328255 0.5036933 0.3094062 0.1077327 0.5007354 0.4430972 0.4090263 0.2237483 0.2237483 0.9282635 0.8507408 0.3674686 1.0448665 0.5821180 0.5185303 0.2892506 0.2047040 0.5765588 0.2987724 0.0744286 0.8554311 0.4720133 0.6729154 0.5269487 0.5100366 1.1077882 0.7319489 0.1689142 0.3400758 0.8059237 1.9004458 0.9282635 0.5580273 0.5377760 0.6588872 0.2019521 2.3068594 0.5183946 0.2793526 1.0645873 0.7616193 
NR_103627.1_Mucor_ramosissimus|F|ITS2          0.6662144 0.7680044 0.6217309 0.5266614 0.8637709 0.5641807 0.0775386 0.2199750 0.5266614 0.5243286 0.4755934 0.4446630 0.5206930 0.0000000 0.8117836 0.0717211 0.0902211 0.6223127 0.5227147 0.5496542 0.5180186 1.9306006 0.0780565 0.0857804 1.4245829 0.5341663 0.9546646 0.6017074 0.3475995 0.3891134 0.5096471 0.4510783 0.9257088 0.5270629 0.0778065 1.5831887 0.0406961 1.1412757 1.7673005 1.3995270 0.6451298 1.4415421 1.4580099 0.3549031 1.9382189 0.1882551 0.2203609 0.4773828 0.0835273 0.6081678 0.5922809 0.0595666 0.4550963 0.4904871 0.5391612 0.5391612 0.6391341 0.8071396 0.5718139 0.6457118 0.2391096 0.0612817 0.5946258 0.4755934 0.0971332 0.6597404 0.5127554 1.2930916 0.5685004 0.6684275 0.2284220 0.4434493 0.6919375 0.8461649 0.5145495 0.5207128 0.7272870 1.7842206 0.6391341 0.0468131 0.0773724 0.8476390 0.5701597 1.9876869 0.0839630 0.5270629 1.1181735 0.5866569 
NR_182578.1_Mucor_hyangburmii|F|ITS2           1.0499375 0.9058870 0.9303996 1.0141580 1.2854061 0.8736172 0.7841298 0.8118276 1.0141580 0.9840350 0.9537384 0.9094025 0.8048281 0.8117836 0.0000000 0.8837221 0.7779912 1.1154471 0.8850958 0.8512367 0.8820672 2.3341427 0.8281123 0.8074925 2.5617622 0.9415463 1.2394593 1.0072476 0.9549180 0.9750762 0.8439526 0.8416101 1.4025219 0.9852526 0.7528337 1.4360295 0.8200499 1.2780221 1.6263172 2.1208494 1.0298711 2.0001772 1.2624269 0.9434877 1.2702443 0.9204626 0.7711773 0.8405932 0.6983212 0.9706125 0.8874432 0.7648579 1.0959604 0.9499889 0.9126960 0.9126960 0.8415366 1.4018802 1.1988000 1.3939662 0.7967249 0.8787351 1.1252361 0.9537384 0.8435202 0.9515784 0.9879355 1.3170109 0.9301231 1.4150998 0.7121140 1.1307093 1.2612781 1.3018885 0.9393620 0.8895150 1.1168208 2.0043093 0.8415366 0.8483886 0.7828369 1.1223438 1.1580882 1.5539730 0.7692358 0.9852526 1.9286832 1.0366631 
NR_169896.1_Mucor_pseudocircinelloides|F|ITS2  0.6869174 0.7785996 0.6153627 0.5303731 0.8894555 0.5885698 0.0589646 0.2034756 0.5303731 0.5280076 0.4236804 0.4473362 0.5243188 0.0717211 0.8837221 0.0000000 0.0644269 0.5933151 0.5449784 0.5734332 0.4532845 1.6074146 0.0713347 0.0993257 1.4362233 0.5291461 0.8395267 0.6080858 0.3457713 0.3269689 0.5273491 0.4663970 0.7966721 0.5335110 0.0714846 1.6607966 0.0346851 1.1498408 1.6713141 1.3577135 0.6007296 1.4581339 1.5124104 0.3451446 2.0335310 0.1968771 0.1779340 0.4138988 0.0649854 0.5721784 0.5858516 0.0723894 0.4739328 0.4665018 0.5621325 0.5621325 0.6619183 0.7362538 0.5321987 0.6332640 0.2473682 0.0483808 0.5892139 0.4236804 0.0646104 0.6462774 0.5163258 1.1666419 0.6082152 0.6274214 0.1854276 0.4591405 0.6604243 0.8919870 0.5399555 0.5002457 0.7050898 1.5810543 0.6619183 0.0592671 0.0524699 0.8142136 0.5938767 1.9960026 0.0650015 0.5335110 1.1476482 0.5735688 
NR_126123.1_Mucor_janssenii|F|ITS2             0.6717788 0.7404405 0.5866304 0.5045731 0.8919759 0.5792461 0.0769469 0.1927711 0.5045731 0.5023794 0.4296557 0.4670641 0.5302455 0.0902211 0.7779912 0.0644269 0.0000000 0.6302492 0.5637153 0.5644478 0.4996199 1.6036582 0.0343748 0.0729371 1.4380075 0.5192019 0.8575154 0.6268384 0.3868736 0.3739395 0.5640282 0.4868353 0.8515173 0.5574861 0.0225176 1.4006505 0.0528467 1.1605623 1.6560781 1.4432154 0.6196271 1.4161320 1.4463300 0.3721756 1.8639539 0.1648943 0.2343570 0.4734511 0.0400140 0.5602214 0.5585077 0.0472883 0.4499527 0.5445359 0.5811258 0.5811258 0.7042716 0.8238317 0.5683301 0.7095291 0.2438240 0.0546911 0.5585742 0.4296557 0.0223158 0.6127175 0.4911853 1.1902392 0.5605509 0.6856998 0.2425040 0.4505396 0.6997592 0.9636720 0.5567293 0.5197838 0.6925682 1.8692953 0.7042716 0.0287732 0.0399297 0.7951679 0.5989223 2.0203262 0.0765728 0.5574861 1.0672810 0.5808737 
NR_145286.1_Mucor_megalocarpus|F|ITS2          1.0370702 0.7314638 0.4221756 0.4002650 0.5799995 0.4380858 0.6902280 0.5935183 0.4002650 0.3986480 0.3534006 0.8818612 0.3711455 0.6223127 1.1154471 0.5933151 0.6302492 0.0000000 0.4497465 0.4262954 0.7645920 1.3500001 0.6215452 0.5463612 1.7035817 0.4831052 1.3918943 0.8237369 0.7170395 0.6824602 0.6551132 0.3735949 0.9257212 0.4503174 0.5995919 1.2972051 0.6160272 0.8218524 2.9443987 1.8326508 0.3872622 1.5177143 2.3031226 0.5674244 1.3488286 0.7809734 0.5626275 0.6697752 0.6176398 0.4704216 0.4136310 0.5482810 0.5226494 0.5138905 0.4640584 0.4640584 1.1243523 1.2598087 0.5816603 1.1711683 0.6598282 0.5692464 0.4946269 0.3534006 0.6658320 0.4521799 0.3888940 1.2568886 0.6349555 0.7211945 0.6064631 0.5344699 1.2307602 0.9314414 0.4278891 0.4112538 1.0195266 2.1463701 1.1243523 0.6362792 0.5772221 1.0714459 0.4786984 2.4891981 0.5891417 0.4503174 1.7153508 0.9820524 
NR_120224.1_Mucor_luteus|F|ITS2                0.7875244 0.5403888 0.2532234 0.2080935 0.2502588 0.3123042 0.5058525 0.4298313 0.2080935 0.1991614 0.3509958 0.6431841 0.2145301 0.5227147 0.8850958 0.5449784 0.5637153 0.4497465 0.0000000 0.3022589 0.5839776 1.5018432 0.5351226 0.5800338 1.3454079 0.2696145 0.8277891 0.7598667 0.4687442 0.4929391 0.4625159 0.2016827 0.7122504 0.3029496 0.5302426 1.6808281 0.5790005 0.6709375 2.3214490 1.2208261 0.3350486 1.5824060 1.8611049 0.4191879 1.2316827 0.7568199 0.4869539 0.5183178 0.5501377 0.3707031 0.2435346 0.5427286 0.4079843 0.3718003 0.0057042 0.0057042 0.8663980 1.0635091 0.4008129 1.0111976 0.4719549 0.5646748 0.3264679 0.3509958 0.5496745 0.3280860 0.1997481 0.9789199 0.4641326 0.5998356 0.4727006 0.4685546 1.1196351 0.6626096 0.2557161 0.3234895 0.8920139 1.7632645 0.8663980 0.5708739 0.5339577 0.5817154 0.2399048 2.1258696 0.5803451 0.3029496 0.9345090 0.5554414 
NR_152978.1_Mucor_lilianae|F|ITS2              0.8784728 0.4511956 0.3059745 0.2563746 0.5006984 0.0058435 0.6136040 0.4532464 0.2563746 0.2465357 0.3493312 0.5183081 0.2654646 0.5496542 0.8512367 0.5734332 0.5644478 0.4262954 0.3022589 0.0000000 0.5061114 1.5262606 0.5824062 0.5550477 1.3383633 0.2662586 0.7901698 0.8349071 0.3550753 0.4966565 0.4158155 0.3159917 0.6240705 0.0619970 0.5462707 1.4685518 0.5621386 0.6766363 2.4323312 1.3279886 0.3944133 1.5211965 1.7529346 0.4099487 1.3756103 0.7827117 0.4388194 0.4039061 0.5184230 0.2665675 0.2952485 0.5430171 0.3605303 0.3105904 0.3134898 0.3134898 0.8519877 1.0556405 0.3400313 0.8762961 0.5319105 0.5628361 0.2679827 0.3493312 0.6133643 0.2953818 0.2472910 0.9157362 0.4056268 0.5837890 0.4770882 0.4542557 0.9526813 0.6983118 0.2976953 0.1635663 0.9285902 2.0554363 0.8519877 0.5888127 0.5674973 0.5234581 0.3179817 1.7468030 0.5472058 0.0619970 0.9695754 0.7781354 
NR_182577.1_Mucor_grylli|F|ITS2                0.7668000 0.8204605 0.5998864 0.6186693 0.8596510 0.5195933 0.4628551 0.5717197 0.6186693 0.6010240 0.6452228 0.2805050 0.5353593 0.5180186 0.8820672 0.4532845 0.4996199 0.7645920 0.5839776 0.5061114 0.0000000 1.5525334 0.5067056 0.4926959 1.1320853 0.6340349 0.6863098 0.8357424 0.4194062 0.4597669 0.2779355 0.5316661 0.7363655 0.5279146 0.4755711 1.6115041 0.4858714 1.0640185 2.3025430 1.2574494 0.5621836 1.3271598 1.6282499 0.3924373 2.0165235 0.6535593 0.5514963 0.2907646 0.4594137 0.6398337 0.5883347 0.4614530 0.6694689 0.3094176 0.6017549 0.6017549 0.5102457 0.9151989 0.6004357 0.4986866 0.6358371 0.4655924 0.5386043 0.6452228 0.4985615 0.6781243 0.6031921 0.8644748 0.7566249 0.7384092 0.5364433 0.5423079 0.5636529 0.9874440 0.5985791 0.5195419 0.8820621 1.6363738 0.5102457 0.5028236 0.4906466 0.7933662 0.6611354 1.8834047 0.5151250 0.5279146 0.7979889 0.4044237 
NR_145292.1_Backusella_oblongielliptica|F|ITS2 1.7146786 1.1773128 1.3716994 1.5092717 2.1072662 1.5706137 1.8380728 1.3530495 1.6075106 1.4619539 1.3488732 1.6738396 1.3771962 1.9306006 2.3341427 1.6074146 1.6036582 1.3500001 1.5018432 1.5262606 1.5525334 0.0000000 1.9506225 1.8433891 1.8629645 1.2514835 2.1644887 1.6296056 1.7831069 1.4378193 1.7782556 1.4400048 1.8533361 1.5835793 1.7902677 2.4641321 1.6155364 1.2086106 4.2703844 2.2782987 1.5424901 1.8950482 2.6580838 1.5592094 3.6282239 2.2521049 1.5595303 1.2699814 1.6289597 1.2600158 1.3556590 1.6978740 1.4389581 1.7121563 1.5542652 1.5285958 1.8857171 2.0370704 1.4351538 2.7166308 1.3814545 1.7654111 1.3414793 1.3488732 1.6479353 1.7257016 1.5619691 2.0920830 1.7000496 1.8262848 1.4249037 1.6168781 2.2710700 1.8797804 1.4152584 1.5076329 1.6827375 6.1051794 1.8857171 1.6702531 1.7430873 1.6347232 1.4368474 3.0189230 1.7915804 1.5835793 1.5796820 1.8203495 
UHM55|F|ITS2                                   0.7550645 0.7685904 0.5975953 0.4852931 0.9304468 0.5976143 0.0715200 0.2052526 0.4733404 0.4711160 0.4037213 0.4901584 0.5382020 0.0780565 0.8281123 0.0713347 0.0343748 0.6215452 0.5351226 0.5824062 0.5067056 1.9506225 0.0000000 0.1098410 1.5790386 0.5226533 0.8975855 0.6341765 0.3992198 0.4026836 0.5418847 0.4799276 0.8794799 0.5421973 0.0111922 1.4362234 0.0654607 1.2818370 1.8817795 1.5871549 0.6148773 1.3062585 1.4359615 0.3876352 1.8269774 0.1978409 0.2110876 0.4799354 0.0650067 0.5641428 0.5687729 0.0596403 0.4517418 0.5214187 0.5128210 0.5481272 0.7082595 0.7781276 0.6246461 0.6790741 0.2401443 0.0356722 0.5938537 0.3996977 0.0555593 0.6199419 0.4752665 1.1426614 0.6035684 0.6554091 0.2190102 0.4852517 0.7544605 0.9553340 0.5353770 0.5206052 0.6793742 1.9947384 0.7082595 0.0408096 0.0645236 0.7849776 0.6059303 1.7324076 0.0776233 0.5421973 1.1057576 0.6380827 
UHM39|F|ITS2                                   0.6932681 0.8034446 0.6218752 0.4742574 0.8953631 0.5697901 0.0990443 0.2355101 0.4975043 0.4827951 0.4459719 0.5007468 0.5171882 0.0857804 0.8074925 0.0993257 0.0729371 0.5463612 0.5800338 0.5550477 0.4926959 1.8433891 0.1098410 0.0000000 1.5680588 0.5384878 0.9268152 0.6471491 0.3961892 0.4051375 0.5473805 0.4625585 0.9493601 0.5163458 0.0730180 1.5831614 0.0666449 1.1857674 1.5871408 1.7242235 0.6262892 1.4428012 1.5123326 0.3990814 1.6941024 0.1727501 0.2410067 0.4711320 0.0796097 0.5952470 0.5915357 0.0230015 0.4919482 0.5283992 0.5762474 0.5443286 0.7639659 0.7305819 0.5691123 0.7043713 0.2382695 0.0678365 0.5165240 0.4552309 0.0937768 0.5846660 0.4855127 1.1534888 0.6300589 0.7059540 0.2494240 0.5030129 0.7673132 1.0296716 0.5958545 0.5123385 0.6698663 1.9275033 0.7639659 0.0727228 0.0788984 0.8853685 0.5778018 1.9988599 0.1131688 0.5163458 1.2846134 0.6464831 
NR_103648.1_Backusella_grandis|F|ITS2          2.0122864 1.6795906 1.4377909 1.5418781 1.7990857 1.3383633 1.6007706 1.3573762 1.5418781 1.4923913 1.3670247 1.0481838 1.4333097 1.4245829 2.5617622 1.4362233 1.4380075 1.7035817 1.3454079 1.3383633 1.1320853 1.8629645 1.5790386 1.5680588 0.0000000 1.3384007 1.9394834 1.9871441 1.1055139 1.2146687 1.2721056 1.5242958 1.8502135 1.3115558 1.5028343 3.2478036 1.4103357 1.6476463 4.4448381 0.1595348 1.3136290 2.0036081 2.5591436 1.1302217 2.7256360 2.0969085 1.2862172 1.5552093 1.4104683 1.5395761 1.3928923 1.4534720 1.4476691 1.2259553 1.3920483 1.3920483 1.7129497 2.5872806 1.4265532 1.8117206 1.2116629 1.3830024 1.3715232 1.3670247 1.4703671 1.6787674 1.4981532 2.1529675 1.3406918 1.5360024 1.4000382 1.2984894 1.4335871 2.1866710 1.4348075 1.5252460 2.0657829 2.8847671 1.7129497 1.3896970 1.5047905 2.1471325 1.2910732 3.2973648 1.4076269 1.3115558 1.8293281 1.4893427 
NR_165210.1_Mucor_souzae|F|ITS2                0.9731484 0.4244022 0.2013311 0.1537077 0.5958498 0.2662586 0.5755303 0.4864732 0.1537077 0.1458364 0.2259822 0.7347000 0.1078504 0.5341663 0.9415463 0.5291461 0.5192019 0.4831052 0.2696145 0.2662586 0.6340349 1.2514835 0.5226533 0.5384878 1.3384007 0.0000000 0.9522190 0.8213462 0.4420273 0.5196441 0.5072771 0.1400875 0.6808970 0.3212967 0.5011349 1.4874257 0.5036094 0.7448305 2.4498282 1.3456281 0.3662617 1.3513412 1.6672249 0.4776791 1.3584410 0.7358150 0.5443781 0.5376377 0.4774867 0.3348436 0.1859400 0.4945622 0.4288726 0.4761457 0.2798429 0.2798429 0.9944368 0.9805721 0.3270391 1.1163164 0.5461049 0.5007182 0.3057580 0.2259822 0.5632622 0.3683443 0.1462405 0.7212763 0.4702100 0.6632696 0.5579477 0.4952809 1.1275249 0.8138406 0.2208741 0.3844548 0.8689115 1.9326126 0.9944368 0.5206966 0.5497524 0.6941124 0.2098965 1.8232905 0.5379432 0.3212967 1.1334145 0.8116366 
NR_077173.1_Mucor_indicus|F|ITS2               0.7894273 0.8920104 1.0002259 0.9589822 1.1668684 0.8106213 1.0007415 0.7570308 0.9589822 0.9888981 1.1571998 0.5312524 0.8447598 0.9546646 1.2394593 0.8395267 0.8575154 1.3918943 0.8277891 0.7901698 0.6863098 2.1644887 0.8975855 0.9268152 1.9394834 0.9522190 0.0000000 1.0922123 0.7996811 0.8067091 0.6353484 0.9765768 1.3605765 0.8452475 0.8367746 2.3285096 0.9373372 1.3131191 2.4498286 1.9662213 0.9392305 2.4164854 3.0795028 0.7034737 2.3897589 1.2867395 0.8657861 0.5535245 0.8655499 0.9210943 1.0055355 0.8678383 1.1145357 0.6118047 0.8533219 0.8533219 0.6340659 1.0897998 1.1235290 0.7202691 0.9203075 0.9473770 0.9124137 1.1571998 0.8618793 0.9790691 0.9349190 1.2247136 1.0675984 0.7266356 0.8872380 0.7877425 0.7628327 1.4194262 0.7879788 0.8139654 1.0342327 2.4937951 0.6340659 0.9330770 0.9271809 1.0153136 1.0010155 3.9754178 0.9449244 0.8452475 1.6415839 0.3813571 
NR_103632.1_Mucor_genevensis|F|ITS2            0.8663244 0.9235184 0.9222474 0.9074795 0.9522322 0.8557118 0.6951947 0.6177756 0.9074795 0.9350493 0.8398273 0.8643533 0.8195215 0.6017074 1.0072476 0.6080858 0.6268384 0.8237369 0.7598667 0.8349071 0.8357424 1.6296056 0.6341765 0.6471491 1.9871441 0.8213462 1.0922123 0.0000000 0.6649333 0.5878491 0.8213558 0.8628379 0.9132726 0.8779773 0.6141994 2.0141023 0.6157893 1.1046175 1.6461667 1.7498371 0.8772889 1.9644765 3.1186497 0.6735539 1.9389418 0.7988472 0.5869280 0.8383650 0.6007575 0.9145790 0.9017126 0.5783515 0.9065527 0.8002678 0.7825447 0.7825447 0.9908941 0.4113590 0.9584911 1.3946362 0.6910221 0.6157902 0.9095386 0.8398273 0.6445683 1.0167650 0.8852499 1.4590107 0.8732663 0.8847676 0.5716949 0.7290706 1.2214744 1.0590068 0.8934461 0.6865040 0.2244011 3.1055244 0.9908941 0.6504428 0.6232448 0.9338093 0.9203562 2.9266187 0.6269270 0.8779773 1.8778125 1.0056198 
NR_103642.1_Mucor_laxorrhizus|F|ITS2           0.7124569 0.5870011 0.5234820 0.4438759 0.6958651 0.3659105 0.3668399 0.4061475 0.4438759 0.4301863 0.4355714 0.4308043 0.4239418 0.3475995 0.9549180 0.3457713 0.3868736 0.7170395 0.4687442 0.3550753 0.4194062 1.7831069 0.3992198 0.3961892 1.1055139 0.4420273 0.7996811 0.6649333 0.0000000 0.4202426 0.4468965 0.4119683 0.8384366 0.3303592 0.3745075 2.2080438 0.3616197 0.7165931 1.9423421 1.1029284 0.5670262 1.8070074 1.9178647 0.2719049 1.7755985 0.5161808 0.3559630 0.4653848 0.3450881 0.4648844 0.4970778 0.3695369 0.4634389 0.4180831 0.4836368 0.4836368 0.6341447 0.7597225 0.5154613 0.8100484 0.4611819 0.3807194 0.4866560 0.4355714 0.3853817 0.5228540 0.4316588 1.0418059 0.4915429 0.6928547 0.3663523 0.2497296 0.7527635 0.8758534 0.4365613 0.4041266 0.7834067 1.8250015 0.6341447 0.3925030 0.3678551 0.8386136 0.5163148 2.5903202 0.3672383 0.3303592 1.0025424 0.6181347 
NR_103629.1_Mucor_mousanensis|F|ITS2           0.9429946 0.6564680 0.4811023 0.4610002 0.6613848 0.5102683 0.3801972 0.3601611 0.4610002 0.4761145 0.5354671 0.6558789 0.4027523 0.3891134 0.9750762 0.3269689 0.3739395 0.6824602 0.4929391 0.4966565 0.4597669 1.4378193 0.4026836 0.4051375 1.2146687 0.5196441 0.8067091 0.5878491 0.4202426 0.0000000 0.5393673 0.4433688 0.7317984 0.5184890 0.3764901 2.1680109 0.3405255 0.8143672 2.4046172 1.1940860 0.4774220 1.3203746 1.9894061 0.2674299 2.1268220 0.5816828 0.3639677 0.5026270 0.3442024 0.5062019 0.4561290 0.3786616 0.6365776 0.6162196 0.5089252 0.5089252 0.7943443 0.8753585 0.4468289 0.7593919 0.4219609 0.3687196 0.4663654 0.5354671 0.3855514 0.5313564 0.4481653 1.0433790 0.6496795 0.5955480 0.3530307 0.5332320 0.7412839 0.7482452 0.4865521 0.5216352 0.7067020 2.4068493 0.7943443 0.3747577 0.3580115 0.7834543 0.4658912 2.5489495 0.3396995 0.5184890 0.8675760 0.6365104 
NR_103641.1_Mucor_zychae|F|ITS2                0.7367050 0.6455472 0.5275588 0.5228175 0.7938708 0.4280140 0.5087638 0.5677314 0.5228175 0.5068665 0.5656198 0.3412972 0.4611570 0.5096471 0.8439526 0.5273491 0.5640282 0.6551132 0.4625159 0.4158155 0.2779355 1.7782556 0.5418847 0.5473805 1.2721056 0.5072771 0.6353484 0.8213558 0.4468965 0.5393673 0.0000000 0.4263488 0.7566383 0.4677400 0.5202311 1.9128504 0.5618880 0.9115554 2.5254516 1.3139781 0.6369669 1.8174475 1.7411914 0.3760452 1.9468050 0.7435929 0.5243107 0.1764108 0.5211272 0.5639399 0.5299522 0.5158305 0.5007036 0.2518002 0.4777537 0.4777537 0.6387113 0.9388873 0.5665165 0.6587848 0.6161901 0.5626063 0.5142248 0.5656198 0.5645519 0.6150409 0.5087123 0.7435353 0.4386250 0.7242225 0.5087579 0.5134686 0.6260096 0.9725303 0.5298247 0.4856138 0.7871360 2.1391482 0.6387113 0.5949057 0.5569136 0.7469348 0.4773511 2.1955426 0.5676931 0.4677400 0.9119077 0.5170885 
NR_152948.1_Mucor_hiemalis|F|ITS2              0.9795441 0.5211195 0.1646005 0.0827282 0.4613421 0.3263339 0.4376494 0.4702283 0.0827282 0.0824736 0.1964049 0.6827116 0.0825442 0.4510783 0.8416101 0.4663970 0.4868353 0.3735949 0.2016827 0.3159917 0.5316661 1.4400048 0.4799276 0.4625585 1.5242958 0.1400875 0.9765768 0.8628379 0.4119683 0.4433688 0.4263488 0.0000000 0.6661268 0.3443237 0.4571896 1.3572396 0.4879707 0.7681144 2.4504969 1.4574969 0.3176210 1.4067227 1.8165665 0.4566602 1.2317763 0.6890391 0.4699834 0.5209445 0.4752994 0.3647643 0.1564278 0.4432133 0.4050216 0.4037463 0.2108439 0.2108439 0.8134409 0.9874076 0.3532626 0.9938157 0.5191869 0.4877353 0.3092610 0.1964049 0.4872382 0.3667164 0.0759841 0.8708363 0.5137079 0.6539274 0.4558673 0.4882667 1.0174037 0.7818212 0.1570375 0.3414774 0.9134942 1.7421918 0.8134409 0.5129008 0.4930210 0.7022984 0.2105126 2.3892018 0.4886497 0.3443237 1.1401555 0.7172865 
NR_103636.1_Mucor_guilliermondii|F|ITS2        0.8278121 0.9565815 0.5287902 0.6464125 1.0248577 0.6420268 0.9002743 0.7343544 0.6464125 0.6464125 0.6155900 0.9029338 0.6617756 0.9257088 1.4025219 0.7966721 0.8515173 0.9257212 0.7122504 0.6240705 0.7363655 1.8533361 0.8794799 0.9493601 1.8502135 0.6808970 1.3605765 0.9132726 0.8384366 0.7317984 0.7566383 0.6661268 0.0000000 0.6763189 0.8638447 2.2530583 0.8142292 1.0938359 2.8996040 1.6852448 0.7998012 1.8220874 2.1624880 0.5489589 1.8872304 1.0743596 0.7437412 0.7115080 0.8777467 0.6786692 0.5360587 0.8950029 0.6708597 0.6618789 0.7364104 0.7364104 1.0894956 1.0478361 0.6248692 1.2437090 0.8149898 0.8610291 0.6234404 0.6155900 0.8780905 0.7712038 0.6285974 1.2713600 0.7410410 0.7055860 0.6821724 0.7365690 1.1664917 0.5139070 0.5531196 0.5960059 0.9505132 2.9971518 1.0894956 0.8402080 0.8932066 0.7897398 0.7979087 2.5543092 0.8285319 0.6763189 0.9189341 0.9517244 
NR_111659.1_Mucor_moelleri|F|ITS2              0.8267554 0.4946889 0.3309446 0.2819847 0.4974536 0.0685273 0.5695168 0.4606366 0.2819847 0.2717959 0.3285647 0.5381901 0.2793526 0.5270629 0.9852526 0.5335110 0.5574861 0.4503174 0.3029496 0.0619970 0.5279146 1.5835793 0.5421973 0.5163458 1.3115558 0.3212967 0.8452475 0.8779773 0.3303592 0.5184890 0.4677400 0.3443237 0.6763189 0.0000000 0.5396418 1.6493366 0.5227728 0.7105784 2.0454848 1.2285926 0.3680515 1.6402270 2.1810731 0.4329348 1.3555484 0.7280976 0.4455227 0.4558954 0.5122571 0.2519828 0.3102666 0.5049530 0.3470874 0.3520396 0.3139197 0.3139197 0.8744894 1.1922070 0.3456753 0.8873423 0.5863535 0.5227445 0.2637081 0.3285647 0.6055012 0.2512030 0.2726324 0.9554493 0.3977831 0.5720682 0.4576418 0.4531583 0.9511643 0.7803864 0.3373473 0.1589911 1.0738821 1.6744395 0.8744894 0.5479851 0.5441628 0.5726153 0.3312739 2.4339555 0.5699832 0.0000010 0.9816230 0.7912722 
NR_168167.1_Mucor_pseudolusitanicus|F|ITS2     0.7239973 0.7388247 0.5727201 0.4922113 0.8485211 0.5606812 0.0773767 0.2032673 0.4922113 0.4900791 0.4170552 0.4856014 0.5021680 0.0778065 0.7528337 0.0714846 0.0225176 0.5995919 0.5302426 0.5462707 0.4755711 1.7902677 0.0111922 0.0730180 1.5028343 0.5011349 0.8367746 0.6141994 0.3745075 0.3764901 0.5202311 0.4571896 0.8638447 0.5396418 0.0000000 1.3581775 0.0655997 1.2198825 1.7943713 1.4607905 0.6036315 1.2899152 1.4735957 0.3719169 1.8096979 0.1643688 0.2115720 0.4605453 0.0522277 0.5407111 0.5449911 0.0473391 0.4520494 0.5032530 0.5467456 0.5467456 0.7003058 0.7738054 0.6159775 0.7165498 0.2284425 0.0421391 0.5578279 0.4170552 0.0342028 0.5943446 0.4790160 1.0958199 0.5642392 0.6149563 0.2195142 0.4662304 0.7461834 0.9186508 0.4990799 0.5030979 0.6757453 1.9676930 0.7003058 0.0408954 0.0521148 0.7702013 0.6002685 1.7061441 0.0769687 0.5396418 1.1262608 0.6308026 
NR_111413.1_Lichtheimia_corymbifera|F|ITS2     2.2061128 1.8868822 1.5146821 1.5394136 1.6953172 1.5148881 1.5223108 1.5486368 1.4370205 1.5292752 1.4724396 2.1035863 1.7169660 1.5831887 1.4360295 1.6607966 1.4006505 1.2972051 1.6808281 1.4685518 1.6115041 2.4641321 1.4362234 1.5831614 3.2478036 1.4874257 2.3285096 2.0141023 2.2080438 2.1680109 1.9128504 1.3572396 2.2530583 1.6493366 1.3581775 0.0000000 1.6193353 2.4421360 2.6435031 3.6011745 1.4201514 2.0665170 2.8233535 1.6629894 0.5341707 1.7385867 1.6869448 2.1260549 1.6012197 1.3085307 1.5384986 1.3731495 1.9361151 2.5546212 1.7503167 1.7503167 1.8331287 2.7476926 1.7541823 2.1055114 1.4643291 1.4539480 1.4127833 1.4724396 1.4330755 1.2948463 1.4917207 1.7884824 1.5795016 1.6371935 1.5698041 2.1221451 1.9316686 1.7070205 1.4723086 1.3794548 1.8464329 1.9525835 1.8331287 1.4271718 1.5036650 1.6405693 1.5856419 2.6675056 1.5017850 1.6493366 3.0715858 1.7669406 
NR_103628.1_Mucor_bainieri|F|ITS2              0.6563375 0.7654574 0.5919058 0.5385163 0.9094904 0.5771070 0.0531269 0.1903504 0.5385163 0.5360865 0.4316921 0.4638491 0.5322916 0.0406961 0.8200499 0.0346851 0.0528467 0.6160272 0.5790005 0.5621386 0.4858714 1.6155364 0.0654607 0.0666449 1.4103357 0.5036094 0.9373372 0.6157893 0.3616197 0.3405255 0.5618880 0.4879707 0.8142292 0.5227728 0.0655997 1.6193353 0.0000000 1.1393617 1.6571371 1.3489403 0.6257085 1.4268965 1.5838442 0.3854094 2.0607267 0.1662276 0.1964812 0.4835875 0.0468475 0.5591528 0.5630110 0.0412494 0.4918369 0.5258543 0.5970997 0.5970997 0.7057662 0.7253449 0.5198750 0.6915548 0.2320511 0.0420363 0.5758722 0.4316921 0.0781325 0.6321748 0.5242024 1.2322971 0.6177597 0.6848765 0.2042843 0.4669225 0.6819553 0.9004003 0.5446107 0.5010906 0.7171651 1.7921651 0.7057662 0.0171369 0.0406879 0.8212768 0.5852559 1.9177362 0.0530169 0.5227728 1.1414018 0.5957274 
NR_103630.1_Mucor_piriformis|F|ITS2            1.2584179 0.4428603 0.8172348 0.7847370 0.9143187 0.6943152 1.2649085 1.1561087 0.7847370 0.7624827 0.7797683 1.0630873 0.7229763 1.1412757 1.2780221 1.1498408 1.1605623 0.8218524 0.6709375 0.6766363 1.0640185 1.2086106 1.2818370 1.1857674 1.6476463 0.7448305 1.3131191 1.1046175 0.7165931 0.8143672 0.9115554 0.7681144 1.0938359 0.7105784 1.2198825 2.4421360 1.1393617 0.0000000 3.1678331 1.5234545 0.7833350 1.4492393 1.8932354 0.7579953 2.4639866 1.3638121 1.2115918 0.8559417 1.0745913 0.6589041 0.7803295 1.1903582 0.7771703 0.6536618 0.6911732 0.6911732 1.2942820 1.6787300 0.6868517 1.4509488 1.1033171 1.2386579 0.6575637 0.7797683 1.2017045 0.7348468 0.7653559 0.9760998 0.6198058 0.9444740 1.2416555 0.7849431 1.2253410 1.0187948 0.7420416 0.6275555 1.5465082 3.0465677 1.2942820 1.1897668 1.1534153 1.1509839 0.7484323 2.2531270 1.0260717 0.7105784 1.4131641 1.2407588 
NR_135337.1_Aspergillus_glaucus|F|ITS2         2.8951538 2.2964436 2.4904479 2.6478418 3.0627289 2.5211658 1.5933499 1.7580240 2.5525969 2.6478418 1.9271131 2.8272250 2.6002254 1.7673005 1.6263172 1.6713141 1.6560781 2.9443987 2.3214490 2.4323312 2.3025430 4.2703844 1.8817795 1.5871408 4.4448381 2.4498282 2.4498286 1.6461667 1.9423421 2.4046172 2.5254516 2.4504969 2.8996040 2.0454848 1.7943713 2.6435031 1.6571371 3.1678331 0.0000000 3.0313188 2.6327547 2.9779703 2.8736690 2.5406197 2.2902661 1.7989612 1.8221246 2.3855813 1.5587205 2.9260723 2.3526742 1.6071254 2.7674806 2.4758748 2.4200734 2.4200734 3.3457309 3.5798750 3.4069629 2.6377959 1.9806053 1.7827402 2.5650412 1.9271131 1.7702960 2.6165376 2.5525969 3.0330200 2.4862606 3.4736717 1.6927509 3.0118727 2.7849358 2.5270464 2.4705221 1.8614019 2.3472777 3.8845765 3.3457309 1.7848626 1.7081478 2.7116146 2.2101122 3.8456000 1.7313485 2.0454848 8.9999989 2.6476851 
NR_145290.1_Backusella_indica|F|ITS2           1.8345846 1.4705296 1.2012073 1.4812743 1.9986813 1.3661427 1.5738196 1.4373743 1.4393292 1.4337089 1.3002054 1.2735445 1.2574237 1.3995270 2.1208494 1.3577135 1.4432154 1.8326508 1.2208261 1.3279886 1.2574494 2.2782987 1.5871549 1.7242235 0.1595348 1.3456281 1.9662213 1.7498371 1.1029284 1.1940860 1.3139781 1.4574969 1.6852448 1.2285926 1.4607905 3.6011745 1.3489403 1.5234545 3.0313188 0.0000000 1.2565670 2.0472646 2.3930439 1.2678315 3.0101528 2.1490387 1.2798279 1.4903873 1.3338877 1.3332973 1.1646766 1.5922431 1.3800357 1.2574599 1.2623014 1.2623014 1.7033521 2.5748003 1.3878573 1.8176970 1.4622556 1.3960032 1.2970248 1.3002054 1.5347815 1.3703902 1.4393292 2.2743975 1.2837822 1.5486576 1.3136959 1.4520716 1.6379932 1.7548889 1.1304879 1.3736643 1.9079140 3.6226391 1.7033521 1.4109202 1.4788221 2.1471427 1.1660003 3.1433635 1.4122898 1.2285926 2.0800696 1.8040593 
NR_111662.1_Mucor_multiplex|F|ITS2             0.8815191 0.6908642 0.3489402 0.3715591 0.5187229 0.3944133 0.6756853 0.5787821 0.3715591 0.3700997 0.3480729 0.8311884 0.3064438 0.6451298 1.0298711 0.6007296 0.6196271 0.3872622 0.3350486 0.3944133 0.5621836 1.5424901 0.6148773 0.6262892 1.3136290 0.3662617 0.9392305 0.8772889 0.5670262 0.4774220 0.6369669 0.3176210 0.7998012 0.3680515 0.6036315 1.4201514 0.6257085 0.7833350 2.6327547 1.2565670 0.0000000 1.5169232 2.2881942 0.5099890 1.6003722 0.8327061 0.6365480 0.5606252 0.6387142 0.3294467 0.3400125 0.6078488 0.5082620 0.5455106 0.3466779 0.3466779 1.0622158 0.9754762 0.4784676 1.0876363 0.6767196 0.6122354 0.3666779 0.3480729 0.6395181 0.3744241 0.3607655 0.8062220 0.4527789 0.6934090 0.6520560 0.5510023 0.9854535 0.8539041 0.3865738 0.3559221 1.0516225 2.3090625 1.0622158 0.6210370 0.6459218 0.7576557 0.4389632 2.5149158 0.6283365 0.3680515 1.2217661 0.7106828 
NR_145291.1_Backusella_lamprospora|F|ITS2      2.2083400 1.5867847 1.3898520 1.4055334 2.7555763 1.5640619 1.5373467 1.3690542 1.4055334 1.3638137 1.3285278 1.4302400 1.3704526 1.4415421 2.0001772 1.4581339 1.4161320 1.5177143 1.5824060 1.5211965 1.3271598 1.8950482 1.3062585 1.4428012 2.0036081 1.3513412 2.4164854 1.9644765 1.8070074 1.3203746 1.8174475 1.4067227 1.8220874 1.6402270 1.2899152 2.0665170 1.4268965 1.4492393 2.9779703 2.0472646 1.5169232 0.0000000 2.8736079 1.5694889 2.0467236 1.8655523 1.3871493 1.6617477 1.3666044 1.1628401 1.3975378 1.3681000 1.8208059 1.5836949 1.5732325 1.5732325 1.6906462 2.2985827 1.5811284 1.8659009 1.2117771 1.2401248 1.3162641 1.3285278 1.3774267 1.4573538 1.3688382 2.2831640 2.4218431 2.0120084 1.3785202 1.9864904 2.1501701 2.2271269 1.4245985 1.4448227 2.2127584 3.9575567 1.6906462 1.3337410 1.3792531 1.8374865 1.4118241 2.4311669 1.3376114 1.6402270 1.9180893 1.6528418 
NR_111462.1_Rhizomucor_pusillus|F|ITS2         3.0287818 1.6334691 1.9584990 1.7006085 2.5069496 1.7529346 1.5138567 1.6097310 1.7006085 1.6413312 1.5817899 1.9519232 1.7327504 1.4580099 1.2624269 1.5124104 1.4463300 2.3031226 1.8611049 1.7529346 1.6282499 2.6580838 1.4359615 1.5123326 2.5591436 1.6672249 3.0795028 3.1186497 1.9178647 1.9894061 1.7411914 1.8165665 2.1624880 2.1810731 1.4735957 2.8233535 1.5838442 1.8932354 2.8736690 2.3930439 2.2881942 2.8736079 0.0000000 1.9853648 3.1209499 1.9381637 1.5177548 1.5025123 1.4280745 2.1458585 1.8527394 1.6597049 2.1264166 1.8503657 1.7794306 1.7794306 1.5728836 2.9545863 2.0428775 2.2462894 1.4352636 1.6895552 1.9250701 1.5817899 1.4074643 1.9002468 1.6479679 2.3055816 1.7622356 3.2363607 1.4759934 2.0458623 2.5943340 2.6102485 1.5828683 1.8616145 2.7307239 3.5448361 1.5728836 1.5454902 1.5315928 2.5364336 1.8320864 0.5358211 1.4547221 2.1810731 2.5261035 1.7124047 
